 179.00000
 178.50000
 177.75000
 176.75000
 176.25000
 175.75000
 174.75000
 174.50000
 174.50000
 174.25000
 173.00000
 172.50000
 172.31250
 171.75000
 171.50000
 171.00000
 170.50000
 169.75000
 169.25000
 169.25000
 169.00000
 167.75000
 167.00000
 165.75000
 165.00000
 164.00000
 162.75000
 162.25000
 162.00000
 162.00000
 161.50000
 160.50000
 160.00000
 160.00000
 160.00000
 160.00000
 160.00000
 159.75000
 159.25000
 158.50000
 158.00000
 158.25000
 157.50000
 157.00000
 156.50000
 156.75000
 156.93750
 156.87500
 156.81250
 156.75000
 156.25000
 162.25000
 156.25000
 161.75000
 155.25000
 154.50000
 161.00000
 154.25000
 154.25000
 161.00000
 153.75000
 160.75000
 153.75000
 153.75000
 154.00000
 153.52702
 153.45270
 153.25000
 160.00000
 158.00000
 158.00000
 157.50000
 156.75000
 156.00000
 155.75000
 155.64999
 155.55000
 155.45000
 155.35001
 155.25000
 155.18750
 155.12500
 155.06250
 155.00000
 154.25000
 153.75000
 153.37837
 153.30405
 153.22974
 153.00000
 159.75000
 158.00000
 153.15541
 152.80000
 159.00000
 158.11765
 153.08109
 153.00676
 152.60001
 159.00000
 158.23529
 158.17647
 152.93243
 152.39999
 158.47058
 158.41176
 158.35294
 158.29411
 152.85811
 152.20000
 155.75000
 158.76471
 158.70589
 158.64706
 158.58824
 158.52942
 152.78378
 152.70946
 152.63513
 152.56081
 152.48648
 152.00000
 155.50000
 161.23000
 161.16000
 158.82353
 152.41216
 151.00000
 155.00000
 161.37000
 161.30000
 161.09000
 158.88235
 152.33784
 150.25000
 154.25000
 161.44000
 161.02000
 159.25000
 159.00000
 158.94118
 152.26352
 150.16667
 153.75000
 161.50999
 160.95000
 159.75000
 159.75000
 152.18919
 150.08333
 153.75000
 161.58000
 160.88000
 160.53000
 160.46001
 159.75000
 152.11487
 150.00000
 153.16667
 161.72000
 161.64999
 160.81000
 160.74001
 160.67000
 160.60001
 160.39000
 159.85001
 159.80000
 152.04054
 149.83333
 152.58333
 161.78999
 162.00000
 160.25000
 160.25000
 160.18750
 160.12500
 160.06250
 160.00000
 159.95000
 159.89999
 151.96622
 149.66667
 152.00000
 161.86000
 162.00000
 151.89189
 151.44595
 151.37163
 150.31250
 149.25000
 148.75000
 148.50000
 148.50000
 148.50000
 149.50000
 151.00000
 161.92999
 162.50000
 151.81757
 151.74324
 151.66891
 151.59459
 151.52026
 151.29730
 151.22298
 151.14865
 150.50000
 150.50000
 150.50000
 150.50000
 150.50000
 150.43750
 150.37500
 150.25000
 150.00000
 149.95000
 149.89999
 149.85001
 149.80000
 149.75000
 148.56250
 148.50000
 148.43750
 148.75000
 150.50000
 162.00000
 163.00000
 151.07433
 151.00000
 148.37500
 150.00000
 162.00000
 163.50000
 148.31250
 148.25000
 149.50000
 162.12500
 164.00000
 148.18750
 148.12500
 148.75000
 162.18750
 164.00000
 148.06250
 148.00000
 147.93750
 147.87500
 148.00000
 162.25000
 164.50000
 147.81250
 147.75000
 147.68750
 162.31250
 165.25000
 147.62500
 162.37500
 166.25000
 147.56250
 162.43750
 167.50000
 147.50000
 147.43750
 147.37500
 162.50000
 168.16667
 147.31250
 162.56250
 168.25000
 147.25000
 162.62500
 168.25000
 147.18750
 162.68750
 168.25000
 147.12500
 169.00000
 168.50000
 168.00000
 162.75000
 168.75000
 147.06250
 169.75000
 167.75000
 163.00000
 169.25000
 147.00000
 171.50000
 171.00000
 170.50000
 170.00000
 170.00000
 169.87500
 167.25000
 167.00000
 163.25000
 169.75000
 146.93750
 171.00000
 167.00000
 163.75000
 169.75000
 146.87500
 143.25000
 143.41667
 143.16667
 143.08333
 143.00000
 142.50000
 142.00000
 166.50000
 164.00000
 169.75000
 146.81250
 143.33333
 143.25000
 139.50000
 135.50000
 165.75000
 164.00000
 164.00000
 170.00000
 146.75000
 135.25000
 165.00000
 164.75000
 164.50000
 164.25000
 170.00000
 147.85001
 146.68750
 134.50000
 164.50000
 147.89999
 147.80000
 146.62500
 130.50000
 165.00000
 147.95000
 146.56250
 146.50000
 128.50000
 165.00000
 148.00000
 148.00000
 146.00000
 128.25000
 165.00000
 148.00000
 145.25000
 144.75000
 126.50000
 165.00000
 148.25000
 148.25000
 148.16667
 143.75000
 125.37500
 165.50000
 149.00000
 148.75000
 148.50000
 143.25000
 143.50000
 143.75000
 143.75000
 149.75000
 125.00000
 166.00000
 149.25000
 149.25000
 143.50000
 143.50000
 149.50000
 123.75000
 166.00000
 149.00000
 149.00000
 143.81250
 143.75000
 148.75000
 122.50000
 166.50000
 149.75000
 143.68750
 148.00000
 121.66666
 167.00000
 150.25000
 150.25000
 143.62500
 143.56250
 147.55000
 120.83334
 167.00000
 150.50000
 143.50000
 143.25000
 143.20535
 143.16072
 143.11607
 143.07143
 147.10001
 120.00000
 167.00000
 151.50000
 143.00000
 146.64999
 115.75000
 167.00000
 164.25000
 164.00000
 164.00000
 164.00000
 151.50000
 142.50000
 142.50000
 146.20000
 113.50000
 167.00000
 165.25000
 165.00000
 164.75000
 164.50000
 164.00000
 163.50000
 163.00000
 151.75000
 142.50000
 145.75000
 112.75000
 167.00000
 165.50000
 162.50000
 162.00000
 162.00000
 152.00000
 142.25000
 145.25000
 112.25000
 166.00000
 161.75000
 152.75000
 142.25000
 145.25000
 112.00000
 166.75000
 160.75000
 160.50000
 153.25000
 153.00000
 153.00000
 152.87500
 142.25000
 142.25000
 144.75000
 111.25000
 168.00000
 160.25000
 159.75000
 159.50000
 158.75000
 158.25000
 158.50000
 158.25000
 158.00000
 158.00000
 157.93750
 157.87500
 157.81250
 157.75000
 157.25000
 156.50000
 156.00000
 156.25000
 156.50000
 156.25000
 154.25000
 153.75000
 153.50000
 153.50000
 142.43750
 143.75000
 110.00000
 168.25000
 155.50000
 155.25000
 153.75000
 142.37500
 142.31250
 143.50000
 108.50000
 168.75000
 154.25000
 142.25000
 142.25000
 143.25000
 108.75000
 169.50000
 155.50000
 142.25000
 142.25000
 142.12500
 142.50000
 108.50000
 169.75000
 156.37500
 142.00000
 141.75000
 108.50000
  74.50000
 156.50000
 142.00000
 141.50000
 108.37500
  74.08334
 156.62500
 141.87500
 141.75000
 141.25000
 140.75000
 140.75000
 141.25000
 108.25000
  73.66666
 156.75000
 141.25000
 141.00000
 141.00000
 138.43750
 138.37500
 138.31250
 138.25000
 108.00000
  73.25000
  75.75000
 157.00000
 141.00000
 140.25000
 140.00000
 140.00000
 140.00000
 140.00000
 140.00000
 139.93750
 139.87500
 139.81250
 141.00000
 138.56250
 138.50000
 138.18750
 138.12500
 108.00000
  72.50000
  75.75000
 139.75000
 140.75000
 139.12500
 139.06250
 139.00000
 138.87500
 138.81250
 138.75000
 138.68750
 138.62500
 138.06250
 138.00000
 107.93750
  68.50000
  75.62500
 139.68750
 139.62500
 139.18750
 138.93750
 137.93750
 107.87500
  64.25000
  62.25000
  75.50000
 142.00000
 139.56250
 139.50000
 139.31250
 139.25000
 137.87500
 137.81250
 107.81250
  60.25000
  75.37500
 142.00000
 139.43750
 139.37500
 137.75000
 136.25000
 135.75000
 135.75000
 135.75000
 135.25000
 135.00000
 135.00000
 135.00000
 134.50000
 134.00000
 107.75000
  59.50000
  75.25000
 142.25000
 140.50000
 134.00000
 131.75000
 107.58334
  60.25000
  75.12500
 142.25000
 140.50000
 131.75000
 130.75000
 107.41666
  60.16667
  75.00000
 142.25000
 140.75000
 130.50000
 129.50000
 107.25000
  59.75000
  74.87500
 142.25000
 141.25000
 128.50000
 127.50000
 126.25000
 107.16666
  58.75000
  74.75000
 142.25000
 141.75000
 126.75000
 125.00000
 124.75000
 107.08334
  58.50000
  74.62500
 142.75000
 142.00000
 122.50000
 121.25000
 120.25000
 119.75000
 117.50000
 107.00000
  58.12500
  74.50000
 142.87500
 142.00000
 118.50000
 116.50000
 116.00000
 115.50000
 114.75000
 113.75000
 113.00000
 113.00000
 112.00000
 104.25000
  66.75000
  65.00000
  62.75000
  60.25000
  57.75000
  72.50000
 143.00000
 142.00000
 110.25000
 101.25000
  56.75000
  56.50000
  72.50000
 143.12500
 142.00000
 109.00000
  95.75000
  93.25000
  56.25000
  55.50000
  72.12500
 143.25000
 142.25000
 108.87500
  93.00000
  55.50000
  53.25000
  71.75000
 143.75000
 142.50000
 108.75000
  93.33334
  52.75000
  51.00000
  71.12500
 144.25000
 144.25000
 142.50000
 108.50000
  93.25000
  50.50000
  50.25000
  70.50000
 144.75000
 142.50000
 112.00000
 106.75000
 101.50000
  99.75000
  97.75000
  95.25000
  90.25000
  87.52084
  87.47222
  87.42361
  87.37500
  87.32639
  50.18750
  70.50000
 145.25000
 145.25000
 142.75000
 136.00000
 134.00000
 132.00000
 130.75000
 130.00000
 128.00000
 126.00000
 124.50000
 123.25000
 121.00000
 105.00000
 103.50000
  92.00000
  90.50000
  89.75000
  88.00000
  87.56944
  87.27778
  50.12500
  69.75000
 145.75000
 143.00000
 137.25000
  88.25000
  88.00000
  87.61806
  87.22916
  49.75000
  49.25000
  48.93750
  48.62500
  69.25000
 145.87500
 143.50000
 138.50000
  88.20139
  87.86111
  87.81250
  87.76389
  87.71528
  87.66666
  87.18056
  48.00000
  69.25000
 146.25000
 146.00000
 143.60001
 139.75000
  88.15278
  88.10416
  88.00000
  88.00000
  87.90972
  87.13194
  47.00000
  69.12500
 147.00000
 146.12500
 143.70000
 140.50000
  87.95834
  87.08333
  47.50000
  69.00000
 153.50000
 147.75000
 143.80000
 142.25000
  87.03472
  47.25000
  68.66666
 153.25000
 153.00000
 152.75000
 148.25000
 148.25000
 143.75000
 144.75000
 144.00000
  86.13889
  86.98611
  45.50000
  68.00000
  68.33334
 152.75000
 148.46428
 148.35715
 144.00000
  85.45000
  85.50000
  85.50000
  86.00000
  86.27778
  86.93750
  43.50000
  43.25000
  67.25000
 152.91667
 148.57143
 144.05000
  85.40000
  86.41666
  86.88889
  40.75000
  65.75000
 152.83333
 148.67857
 144.10001
  85.35000
  86.55556
  86.25000
  39.00000
  65.58334
 152.75000
 148.89285
 148.78572
 144.14999
  85.30000
  86.69444
  39.00000
  65.41666
 151.75000
 149.25000
 149.00000
 144.20000
  85.25000
  38.75000
  65.25000
 150.25000
 150.00000
 150.00000
 149.75000
 149.50000
 149.50000
 149.50000
 149.50000
 144.25000
  85.20000
  38.50000
  65.08334
 150.50000
 150.00000
 150.00000
 144.00000
  85.15000
  37.50000
  36.34052
  36.28736
  36.23420
  36.18103
  36.12787
  36.07471
  36.02155
  64.50000
  64.91666
 151.75000
 150.50000
 144.25000
  85.00000
  36.39368
  35.96839
  64.25000
  64.75000
 152.75000
 151.50000
 144.39999
  85.00000
  36.44684
  35.91523
  63.00000
  63.50000
 153.00000
 152.12500
 144.45000
  83.25000
  36.25000
  36.50000
  35.86207
  61.00000
  62.75000
 153.50000
 152.25000
 144.50000
  82.25000
  37.25000
  35.80891
  59.81250
  62.50000
 149.00000
 135.00000
 153.60001
 152.37500
 144.50000
 145.00000
 147.50000
 147.50000
 147.75000
 148.25000
  81.00000
  37.33333
  35.75574
  58.62500
  62.25000
 148.50000
 134.75000
 153.70000
 152.50000
 145.00000
 146.50000
 147.25000
 147.50000
 148.50000
  80.25000
  37.41667
  35.70259
  35.43678
  35.38362
  35.33046
  35.27730
  35.22414
  35.17097
  35.11781
  35.06466
  35.01149
  57.43750
  61.33333
 148.00000
 134.25000
 153.80000
 152.62500
 145.50000
  79.50000
  37.50000
  35.64943
  35.48994
  34.95833
  56.25000
  60.41667
 147.50000
 134.00000
 153.89999
 152.75000
 146.00000
  79.50000
  37.58333
  35.59626
  35.54310
  34.75000
  55.50000
  59.50000
 146.50000
 133.75000
 154.00000
 153.00000
 146.00000
  79.00000
  37.66667
  34.50000
  54.50000
  58.62500
 145.50000
 132.75000
 153.00000
 146.25000
  78.25000
  37.75000
  34.00000
  53.50000
  57.75000
 145.00000
 131.75000
 153.00000
 146.75000
  77.00000
  37.83333
  34.25000
  52.62500
  57.25000
 145.00000
 131.50000
 153.25000
 147.00000
  75.75000
  37.91667
  33.50000
  51.75000
  56.75000
 144.50000
 131.25000
 154.00000
 147.00000
  75.75000
  38.00000
  33.91667
  50.50000
  56.25000
 143.50000
 130.50000
 154.25000
 147.00000
  75.25000
  38.16667
  38.08333
  33.75000
  46.75000
  45.25000
  44.25000
  40.25000
  36.25000
  54.75000
 143.00000
 129.25000
 154.75000
 147.25000
  73.75000
  39.50000
  39.00000
  39.00000
  39.25000
  39.20000
  39.12500
  39.05000
  38.33333
  38.25000
  33.75000
  35.50000
  53.00000
 143.00000
 128.00000
 147.75000
  73.25000
  40.25000
  38.97500
  38.90000
  38.82500
  38.75000
  38.50000
  38.41667
  33.62500
  35.16667
  52.75000
 142.50000
 126.25000
 148.00000
  73.50000
  40.25000
  33.50000
  33.25000
  34.83333
  52.62500
 141.50000
 126.25000
 148.25000
  71.50000
  40.50000
  33.37500
  33.12500
  33.00000
  32.89286
  34.50000
  52.50000
 141.00000
 126.25000
 148.50000
  70.25000
  41.00000
  41.05000
  41.10000
  41.15000
  32.78571
  32.67857
  32.57143
  32.46429
  32.35714
  32.25000
  31.75000
  31.50000
  48.00000
 140.25000
 128.75000
 128.50000
 128.25000
 127.75000
 127.00000
 126.00000
 125.25000
 124.50000
 124.50000
 124.37500
 126.25000
 148.50000
  69.75000
  41.20000
  31.25000
  44.75000
 140.25000
 129.75000
 124.25000
 125.43750
 148.50000
  68.00000
  41.25000
  29.50000
  43.50000
 139.75000
 130.00000
 124.12500
 124.00000
 123.25000
 123.25000
 124.62500
 148.75000
  65.75000
  66.00000
  41.25000
  30.75000
  41.25000
 139.25000
 138.00000
 130.50000
 122.00000
 120.50000
 123.81250
 148.85001
  67.75000
  66.75000
  66.50000
  65.50000
  41.00000
  31.25000
  39.00000
 139.16667
 139.08333
 139.00000
 138.62500
 136.50000
 130.50000
 121.00000
 120.75000
 123.00000
 148.89999
  70.50000
  65.00000
  64.90000
  41.75000
  29.18750
  37.25000
 135.75000
 132.00000
 131.50000
 131.25000
 120.43750
 120.50000
 148.95000
  70.85000
  64.80000
  64.70000
  42.25000
  29.12500
  36.50000
 135.50000
 135.25000
 134.25000
 134.25000
 133.12500
 120.12500
 119.50000
 149.00000
  71.20000
  63.75000
  42.50000
  28.93750
  29.00000
  29.06250
  35.50000
 135.50000
 135.25000
 135.00000
 135.00000
 134.75000
 119.81250
 119.50000
 149.75000
  71.55000
  64.25000
  63.00000
  42.75000
  28.87500
  35.00000
 135.50000
 119.50000
 119.00000
  71.90000
  62.70000
  62.40000
  43.00000
  28.81250
  34.55000
 134.50000
 118.00000
 118.00000
  72.25000
  62.10000
  61.80000
  43.25000
  28.75000
  34.10000
 134.00000
 117.85000
 118.25000
  72.25000
  61.50000
  44.00000
  32.00000
  33.65000
 133.75000
 117.70000
 118.25000
  74.75000
  73.25000
  60.00000
  59.00000
  58.50000
  44.00000
  32.00000
  32.00000
 133.25000
 117.55000
 117.40000
  93.75000
  93.75000
  93.75000
  92.50000
  91.00000
  88.12500
  78.75000
  77.00000
  74.75000
  56.50000
  55.25000
  54.75000
  45.00000
  28.56250
  32.75000
 132.50000
 117.25000
  86.50000
  83.50000
  81.75000
  75.75000
  54.25000
  54.00000
  45.44231
  28.50000
  30.50000
 132.00000
 118.25000
 116.25000
 126.50000
  75.75000
  53.75000
  51.00000
  50.75000
  50.25000
  50.00000
  49.75000
  49.25000
  48.50000
  47.75000
  47.75000
  47.55769
  47.36538
  47.17308
  46.98077
  46.78846
  46.59615
  46.40385
  46.21154
  46.01923
  45.82692
  45.63462
  28.43750
  28.37500
  28.31250
  28.25000
  29.75000
 131.25000
 115.75000
 130.50000
 126.50000
  75.50000
  52.00000
  51.25000
  51.75000
  28.18750
  28.12500
  29.00000
 130.00000
 115.25000
 130.25000
 126.50000
  75.75000
  59.00000
  28.06250
  28.00000
  28.25000
 129.25000
 114.25000
 129.25000
 124.37500
  75.00000
  62.62500
  27.94231
 129.00000
 114.00000
 128.00000
 122.25000
  75.00000
  66.25000
  27.88461
 129.00000
 112.50000
 126.25000
 121.62500
  75.75000
  67.00000
  27.82692
  27.76923
 129.00000
 111.50000
 111.75000
 111.00000
 124.00000
 121.00000
  75.75000
  67.70000
  27.71154
 129.00000
 110.75000
 122.00000
 119.50000
  76.75000
  68.40000
  27.65385
  27.59615
 128.50000
 110.75000
 121.00000
 118.00000
  78.00000
  69.10000
  27.53846
 128.00000
 110.41666
 120.50000
 115.50000
  79.50000
  69.15000
  27.48077
 127.50000
 110.25000
 119.50000
 113.75000
  81.25000
  69.20000
  27.42308
 126.25000
 110.00000
 117.75000
 112.00000
  82.91666
  82.75000
  27.36539
 125.50000
 125.25000
 108.87500
 117.00000
 110.75000
  83.25000
  83.08334
  27.30769
  27.25000
  26.96154
  26.90385
  26.84615
 124.75000
 107.75000
 115.50000
 110.37500
 130.25000
 130.50000
 134.50000
  83.75000
  27.19231
  27.01923
  26.78846
 124.00000
 106.00000
 115.25000
 110.00000
 129.75000
 130.00000
 130.75000
 131.25000
 132.25000
 133.00000
 134.00000
 135.25000
  85.00000
  85.75000
  27.13461
  27.07692
  26.73077
 124.00000
 106.00000
 113.75000
 108.75000
 128.25000
  86.25000
  88.50000
  26.67308
 123.90000
 106.00000
 112.50000
 108.25000
 119.00000
 119.25000
 121.25000
 123.25000
 124.50000
 124.75000
 126.75000
 180.25000
 180.00000
  87.25000
  91.25000
  92.75000
  93.75000
  94.25000
  94.41666
  26.61539
 123.80000
 106.00000
 111.75000
 107.25000
 118.00000
 181.25000
 179.25000
  88.75000
  94.58334
  26.55769
 123.70000
 105.50000
 111.50000
 107.00000
 117.00000
 181.50000
 177.50000
  90.25000
  94.75000
  26.50000
 123.60000
 105.50000
 111.00000
 105.93750
 117.00000
 176.25000
 174.75000
 174.25000
 173.50000
 173.00000
  91.00000
  94.91666
  25.25000
 123.50000
 105.50000
 105.00000
 105.00000
 104.75000
 103.75000
 103.00000
 102.50000
 102.00000
 109.75000
 102.50000
 116.00000
 169.75000
  92.00000
  95.08334
  25.17708
 122.75000
 101.75000
 101.00000
 107.75000
  99.00000
 115.81250
 167.00000
  93.50000
  95.25000
  25.10417
 122.00000
 100.25000
  99.50000
  98.75000
  98.75000
  98.58493
 106.50000
  98.00000
 115.62500
 165.25000
 161.25000
  96.25000
  95.75000
  25.03125
 121.00000
  98.41985
  98.25478
  98.08971
 106.00000
  97.00000
 115.43750
 156.00000
  98.25000
  97.00000
  24.95833
 120.00000
 120.00000
  97.92464
  97.75957
 104.75000
  96.00000
 115.25000
 150.50000
 147.75000
  99.00000
  97.50000
  24.88542
 120.00000
 119.50000
  97.59450
 103.50000
  95.32143
  95.17857
  94.75000
  94.70370
 114.75000
 143.75000
 141.25000
 105.00000
  99.25000
 100.08334
  24.81250
 119.21875
 118.93750
 118.65625
 118.37500
  97.42943
 102.75000
  95.51299
  95.46429
  95.03571
  94.89286
  94.65741
 114.75000
 136.50000
 118.75000
 113.00000
 110.75000
 100.91666
  24.73958
 118.09375
  97.26436
 101.00000
  95.56169
  94.61111
 113.00000
 132.00000
 128.50000
 125.00000
 122.25000
 101.75000
  24.66667
 117.81250
  97.09928
  99.00000
  95.61039
  94.56482
 112.50000
 102.00000
  24.59375
 117.53125
  96.93421
  97.50000
  95.65909
  94.51852
 112.25000
 102.25000
  24.52083
 117.25000
  97.11842
  97.02631
  96.84210
  96.25000
  95.75649
  95.70779
  94.47222
 111.50000
 102.50000
  24.44792
 116.00000
  97.21053
  96.75000
  96.50000
  96.33334
  96.16666
  96.00000
  95.95130
  95.90260
  95.85390
  95.80520
  94.42593
  94.37963
  94.33334
  94.25000
  94.16666
  94.08334
  94.00000
  93.91666
  93.83334
  93.75000
  93.66666
 110.50000
 102.75000
  24.37500
 114.75000
  97.30264
  93.58334
 109.87500
 103.00000
  24.30208
 114.00000
  97.39474
  93.50000
 109.25000
 103.50000
 103.25000
  24.22917
 113.93750
  98.31579
  97.48684
  93.41666
 107.00000
 103.58334
  82.50000
  80.25000
  79.00000
  24.15625
 113.87500
 100.25000
  99.75000
  99.50000
  99.50000
  99.25000
  99.00000
  98.66666
  98.50000
  98.25000
  98.22369
  97.94736
  97.85526
  97.76316
  97.67105
  97.57895
  93.33334
  93.25000
 105.00000
 103.66666
  84.25000
  77.00000
  24.08333
 113.81250
 101.75000
 100.75000
 100.75000
  98.83334
  98.75000
  98.00000
  98.00000
  93.16666
 104.91666
 103.75000
  76.00000
  24.01042
 113.75000
 109.42857
 103.25000
 102.75000
 102.50000
 101.50000
  93.08334
 104.83334
 103.83334
  74.25000
  73.75000
  23.93750
 113.25000
 113.00000
 109.50000
 109.35714
 109.28571
 103.75000
 103.50000
 104.50000
  93.00000
 104.50000
 103.91666
  73.00000
  72.00000
  23.86458
 112.50000
 111.50000
 111.00000
 110.75000
 110.75000
 110.43750
 110.12500
 109.81250
 109.21429
 109.14286
 109.07143
 109.00000
 108.25000
 107.75000
 107.25000
 104.05000
 104.00000
 104.83334
  92.91666
 102.50000
 104.00000
  70.75000
  23.79167
  23.71875
 111.25000
 106.50000
 105.75000
 105.50000
 104.75000
 104.15000
 104.10000
 105.00000
  92.83334
 100.75000
 104.25000
  70.00000
  23.64583
  23.57292
  23.50000
 111.75000
 105.25000
 105.00000
 104.95000
 104.90000
 104.75000
 104.50000
 104.45000
 104.40000
 104.35000
 104.30000
 104.25000
 104.20000
 105.50000
  92.75000
  98.75000
 104.75000
  69.87500
  23.00000
  22.94444
 112.75000
 106.25000
 104.70000
 104.65000
 104.60000
 104.55000
 106.50000
  92.66666
  97.25000
 104.83334
  69.25000
  68.00000
  22.88889
 113.50000
 108.50000
 109.00000
  92.58334
  96.75000
 104.91666
  67.75000
  22.83333
 114.00000
 108.75000
 111.00000
  92.50000
  96.00000
 105.08334
 105.00000
  67.66666
  22.77778
 114.75000
 109.50000
 109.00000
 113.25000
  92.41666
  95.00000
 105.50000
 105.25000
 105.16666
  67.58334
  22.72222
 115.50000
 109.62500
 113.62500
  92.33334
  92.25000
  67.50000
  22.66667
 116.25000
 109.75000
 114.00000
  92.16666
  65.25000
  22.61111
 116.75000
 109.87500
 114.50000
  92.08334
  65.25000
  22.55556
  78.37500
  78.00000
  63.91667
 117.50000
 110.00000
 115.25000
  92.00000
  64.25000
  22.50000
  78.75000
  77.62500
  77.25000
  77.25000
  63.58333
 117.75000
 110.25000
 116.50000
  91.91666
  65.00000
  57.00000
  53.25000
  51.50000
  51.12500
  22.44444
  76.50000
  75.93750
  75.37500
  74.81250
  63.25000
 118.00000
 110.50000
 118.25000
  91.00000
  65.50000
  58.25000
  50.75000
  42.50000
  41.68750
  22.38889
  74.25000
  62.00000
 118.00000
 110.75000
 119.50000
  91.50000
  65.00000
  58.00000
  50.37500
  42.50000
  39.50000
  38.50000
  37.62500
  22.75000
  22.33333
  71.50000
  61.25000
 118.00000
 111.00000
 121.25000
  90.00000
  64.00000
  58.75000
  50.00000
  46.25000
  46.00000
  45.81250
  45.62500
  45.43750
  45.25000
  36.75000
  35.87500
  29.00000
  26.25000
  25.00000
  22.27778
  71.12500
  70.75000
  69.75000
  60.75000
 159.00000
 158.25000
 156.75000
 155.50000
 118.25000
 112.00000
 124.00000
  89.50000
  64.00000
  59.00000
  49.62500
  46.50000
  35.00000
  34.50000
  31.50000
  30.50000
  22.00000
  69.25000
  60.50000
 154.25000
 152.75000
 151.50000
 150.75000
 118.25000
 112.50000
 125.50000
  89.50000
  62.50000
  60.93750
  60.37500
  58.50000
  59.25000
  49.25000
  47.75000
  47.50000
  47.25000
  47.00000
  46.75000
  21.25000
  68.75000
  59.75000
  55.00000
 149.50000
 148.25000
 147.00000
 146.00000
 118.00000
 113.00000
 126.25000
  89.39286
  62.25000
  61.50000
  20.50000
  68.50000
  68.25000
  67.25000
  66.00000
  59.50000
  55.65000
  55.60000
  55.55000
  55.50000
  55.00000
 144.25000
 143.00000
 142.00000
 118.25000
 113.75000
 127.00000
  89.28571
  62.25000
  61.25000
  20.25000
  65.25000
  59.25000
  55.45000
  55.40000
  55.35000
  55.00000
  55.00000
 140.50000
 140.00000
 118.75000
 113.25000
 127.75000
  89.17857
 123.25000
  61.00000
  19.50000
  65.25000
  57.75000
  55.30000
  55.25000
  55.00000
  55.00000
 140.00000
 139.75000
 139.00000
 119.00000
 113.50000
 128.75000
  89.07143
 122.50000
  19.00000
  65.00000
  56.25000
  55.75000
  54.25000
  54.20834
  54.16667
  55.08333
  54.91667
  55.00000
 137.50000
 136.50000
 135.75000
 119.75000
 114.12500
 129.75000
  88.96429
 122.50000
  18.25000
  64.87500
  57.62500
  56.93750
  55.75000
  55.75000
  55.58333
  55.41667
  55.25000
  54.50000
  54.00000
  54.75000
  55.00000
 135.00000
 135.00000
 134.75000
 134.25000
 134.00000
 133.25000
 132.00000
 131.00000
 130.25000
 129.50000
 128.75000
 119.87500
 114.91666
 114.25000
 114.18750
 131.25000
  88.85714
  88.75000
 122.25000
 129.75000
  19.00000
  64.75000
  59.25000
  59.00000
  58.31250
  53.83333
  54.75000
  54.50000
  54.75000
 127.50000
 126.50000
 125.75000
 120.00000
 115.25000
 114.58334
 132.25000
  88.64286
  88.53571
 121.93750
 129.50000
  18.95059
  64.70000
  60.83333
  60.50000
  59.75000
  53.66667
  53.50000
  53.33333
  53.16667
  53.00000
  54.25000
 125.25000
 120.25000
 116.25000
 133.25000
  88.42857
 121.62500
 129.00000
  18.50000
  64.65000
  61.50000
  60.75000
  51.50000
  53.75000
 124.50000
 123.25000
 122.00000
 121.00000
 120.25000
 116.75000
 135.00000
  88.32143
 121.31250
 127.50000
  18.00000
  64.60000
  64.50000
  63.25000
  51.25000
  53.25000
 120.75000
 118.00000
 136.75000
  88.21429
 121.00000
 126.75000
  18.00000
  64.50000
  64.50000
  49.50000
  48.50000
  51.50000
 122.25000
 118.31250
 139.50000
  88.10714
 120.75000
 126.41666
  18.00000
  48.75000
  51.00000
  51.00000
 124.50000
 118.62500
 139.75000
 110.50000
 110.25000
 110.00000
 108.62500
  88.00000
 118.25000
 119.50000
 124.50000
  18.00000
  47.75000
  50.25000
 124.58334
 118.75000
 140.25000
 115.50000
 115.00000
 114.00000
 113.00000
 112.50000
 109.31250
 107.50000
 107.25000
  87.89286
 117.50000
 117.25000
 117.93750
 118.87500
 119.81250
 121.25000
  70.05000
  69.85000
  18.25000
  47.75000
  50.08333
 124.25000
 119.25000
 140.50000
 115.25000
 106.50000
  87.78571
 118.25000
 115.25000
 117.00000
 120.50000
  70.25000
  69.65000
  69.45000
  18.00000
  47.12500
  46.50000
  49.75000
 124.50000
 119.75000
 141.75000
 103.75000
  87.67857
 117.50000
 114.00000
  71.25000
  69.25000
  18.00000
  45.25000
  44.25000
  49.70000
 124.75000
 120.25000
 120.00000
 104.50000
  87.57143
 115.50000
 114.00000
  71.75000
  69.00000
  69.12500
  18.00000
  44.00000
  49.65000
 124.91666
 120.50000
 106.50000
  87.46429
 113.25000
 114.31250
  72.00000
  69.06250
  18.00000
  44.00000
  49.60000
 125.08334
 125.00000
 120.75000
 105.00000
  86.25000
  87.35714
 112.00000
 114.00000
  72.00000
  69.00000
  18.40711
  43.93750
  49.55000
 125.25000
 125.16666
 122.50000
 102.50000
  87.00000
 111.25000
 113.75000
  72.50000
  68.50000
  18.75000
  18.35771
  18.30830
  18.25889
  18.20949
  43.87500
  49.50000
 125.75000
 123.50000
 101.65000
 100.80000
  86.50000
 111.75000
 113.12500
  73.75000
  68.25000
  20.25000
  18.16008
  18.11067
  43.81250
  49.12500
 127.75000
 127.00000
 123.75000
  99.95000
  99.10000
  98.25000
  86.00000
 110.00000
 112.50000
  74.75000
  68.50000
  23.00000
  18.06126
  43.75000
  48.75000
 128.50000
 124.40000
  96.00000
  93.50000
  93.33334
  93.16666
  93.00000
  85.25000
 108.25000
 110.25000
  76.50000
  75.75000
  68.25000
  24.75000
  18.01186
  43.68750
  48.37500
 128.87500
 125.00000
 125.00000
 124.70000
  88.50000
  84.50000
 105.75000
 109.00000
 161.25000
  77.75000
  68.25000
  29.81250
  28.62500
  26.25000
  17.96245
  43.62500
  48.00000
 129.00000
 126.33334
 125.66666
  84.44231
 103.75000
 108.50000
 158.00000
  79.50000
  78.75000
  68.25000
  32.50000
  31.00000
  26.25000
  17.91304
  17.86364
  43.56250
  47.25000
  47.00000
 129.75000
 126.46429
  84.38461
 101.75000
 108.04166
 155.50000
  82.75000
  68.00000
  34.25000
  34.25000
  17.81423
  43.50000
  43.43750
  46.75000
 130.00000
 126.59524
  84.32692
 100.75000
 107.58334
 151.75000
  85.25000
  67.75000
  56.00000
  52.25000
  49.25000
  47.50000
  35.50000
  17.76482
  43.37500
  46.50000
 130.25000
 126.72619
  84.26923
 100.50000
 107.12500
 151.50000
  86.75000
  66.75000
  57.50000
  46.25000
  45.25000
  44.25000
  38.25000
  36.75000
  17.71541
  43.31250
  45.50000
 131.50000
 126.85715
  84.21154
  98.50000
 106.66666
 137.30000
 151.50000
 111.50000
 110.75000
 108.75000
 106.50000
 103.75000
 102.00000
  88.75000
  67.50000
  60.75000
  42.75000
  41.25000
  40.75000
  38.75000
  17.66601
  43.25000
  44.50000
  15.25000
 131.75000
 126.98810
  84.15385
  80.71429
  80.64286
  96.25000
  97.37500
 106.20834
 136.70000
 136.10001
 147.00000
 112.43750
 112.34375
 112.25000
 102.50000
 102.25000
 102.00000
 101.75000
 100.75000
  95.75000
  93.50000
  68.08334
  66.65000
  65.80000
  63.25000
  39.00000
  39.00000
  17.61660
  43.18750
  43.75000
  43.75000
  43.68750
  28.00000
  28.00000
  27.50000
  26.75000
  15.00000
 132.00000
 127.11905
  84.09615
  80.78571
  80.57143
  80.50000
  80.42857
  80.35714
  95.00000
 105.75000
 135.50000
 134.62500
 142.75000
 112.53125
 100.25000
  98.75000
  98.25000
  70.75000
  69.25000
  68.66666
  64.95000
  64.10000
  17.56719
  43.12500
  43.62500
  43.56250
  24.75000
  21.00000
  14.75000
 132.75000
 127.25000
  84.03846
  81.25000
  80.85714
  80.28571
  86.00000
  87.50000
  89.25000
  90.25000
  91.75000
 105.50000
 132.25000
 132.00000
 134.25000
 112.62500
  71.00000
  17.51779
  43.06250
  43.50000
  43.00000
  19.75000
  14.50000
 133.18750
 127.30000
  83.98077
  80.50000
  81.00000
  84.50000
 104.25000
 131.00000
 130.25000
 131.25000
 103.00000
 105.75000
 108.25000
 112.71875
  71.20000
  17.46838
  43.00000
  43.00000
  18.50000
  14.25000
 133.62500
 127.35000
  83.50000
  80.75000
  80.07143
  81.75000
 103.00000
 129.75000
 128.50000
 128.00000
 127.50000
 102.25000
 112.81250
  71.40000
  17.41897
  41.25000
  43.00000
  15.75000
  14.00000
 134.06250
 127.40000
  84.75000
  83.86539
  81.50000
  80.25000
  81.25000
 102.37500
 127.75000
 127.50000
 127.25000
 102.25000
 112.90625
  71.60000
  17.36956
  41.12500
  42.00000
  14.75000
  12.75000
  14.00000
 134.50000
 127.45000
  87.00000
  83.80769
  82.00000
  80.75000
 101.75000
 127.25000
 127.00000
 126.75000
 100.35000
 101.75000
  71.80000
  17.32016
  41.00000
  41.75000
  13.75000
  11.00000
 134.70000
 127.50000
  88.33334
  83.75000
  83.25000
  83.25000
  83.00000
  82.50000
  82.00000
  79.89063
 101.55000
 126.75000
 126.87500
  99.70000
 101.00000
 101.00000
  73.00000
  73.00000
  72.50000
  71.75000
  71.75000
  17.27075
  40.87500
  41.50000
  13.50000
   9.00000
 134.89999
 127.75000
  91.00000
  89.66666
  79.83594
 101.35000
 126.75000
  99.05000
  73.50000
  17.22134
  40.75000
  41.50000
  11.62500
   7.08333
   7.25000
 135.10001
 128.25000
  91.75000
  79.78125
 101.15000
 126.62500
  98.40000
  17.17194
  39.75000
  41.37500
   9.75000
   6.91667
 135.30000
 128.50000
  91.75000
  79.72656
 100.95000
 126.50000
  95.50000
  97.75000
  17.12253
  17.07312
  17.02371
  16.97431
  40.50000
  40.00000
  38.50000
  41.25000
   8.83333
   7.75000
   7.00000
   6.75000
 135.50000
 128.75000
  92.50000
  79.67188
 100.75000
 126.37500
 126.25000
 126.12500
  94.50000
  16.92490
  40.25000
  39.75000
  39.50000
  39.25000
  39.00000
  37.75000
  41.12500
   4.50000
 135.50000
 129.00000
  93.75000
  79.61719
  99.00000
 126.00000
 125.25000
 124.25000
 123.00000
 122.25000
 121.50000
  94.75000
  16.87549
  37.43750
  41.00000
   4.50000
 136.50000
 129.00000
  96.25000
  95.00000
  79.56250
  97.50000
 120.00000
 115.75000
 112.25000
 102.66666
 101.83334
  94.31250
  93.87500
  16.82609
  37.12500
  40.87500
  37.25000
   4.12500
 137.25000
 129.00000
 100.25000
  99.75000
  98.58334
  97.41666
  79.50781
  95.75000
 105.50000
 103.50000
 101.00000
  93.43750
  16.77668
  36.81250
  40.75000
  37.00000
   3.75000
 139.50000
 129.25000
 103.00000
  79.45313
  95.50000
 100.00000
  91.50000
  16.72727
  36.50000
  40.00000
  33.75000
  35.25000
   3.69091
 139.75000
 129.50000
 103.00000
  79.39844
  95.50000
 100.00000
  99.80000
  99.40000
  99.00000
  98.00000
  97.75000
  91.00000
  16.59091
  35.75000
  39.25000
  30.75000
   3.63182
 139.75000
 129.62500
 103.37500
  79.34375
  95.25000
  94.75000
  92.50000
  90.25000
  88.50000
  89.75000
  16.45455
  35.48438
  38.75000
  21.33333
  27.50000
   3.57273
 140.50000
 129.75000
 103.75000
  79.28906
  94.75000
  87.25000
  87.25000
  86.25000
  86.00000
  16.31818
  35.21875
  38.15000
  20.50000
  22.16667
  23.25000
   3.51364
 140.75000
 130.00000
 106.25000
 104.50000
 104.12500
  79.23438
  94.75000
  85.25000
  83.75000
  84.00000
  85.00000
  16.18182
  34.95313
  37.55000
  20.00000
  23.00000
  23.00000
   3.45455
 141.50000
 130.00000
 110.50000
 110.25000
 109.12500
 107.75000
 106.00000
  79.17969
  93.75000
  83.00000
  83.75000
  16.04545
  34.68750
  36.95000
  19.50000
   3.39545
 142.00000
 129.75000
 112.25000
 111.37500
 108.00000
  80.25000
  91.00000
  83.50000
  15.90909
  34.42188
  36.35000
  16.50000
   3.33636
 142.25000
 130.25000
 112.75000
  79.00000
  90.75000
  83.69697
  15.77273
  34.15625
  33.89063
  35.75000
  14.50000
   3.27727
 142.75000
 130.41667
 113.58334
  78.50000
  90.50000
  83.64394
  15.63636
  33.62500
  31.75000
  30.50000
  30.50000
  30.00000
  34.00000
  34.00000
  33.50000
  33.00000
  10.75000
   3.15909
 143.50000
 130.58333
 114.41666
  77.50000
  89.00000
  83.59091
  15.50000
  15.07955
  15.02273
  14.96591
  28.25000
  28.00000
  28.75000
  26.75000
  13.00000
  10.25000
   7.75000
   3.10000
 144.00000
 130.75000
 115.25000
  82.25000
  78.75000
  78.50000
  77.37500
  88.79546
  83.53788
  14.50000
  15.25000
  15.19318
  15.13636
  14.90909
  28.00000
  27.50000
  26.45000
  17.25000
  25.50000
  15.75000
   6.75000
   3.04091
 144.00000
 130.75000
 116.75000
  85.08334
  84.50000
  77.31250
  88.59091
  83.48485
  17.00000
  14.85227
  24.50000
  23.50000
  22.25000
  21.25000
  17.00000
  25.28125
  25.06250
  24.84375
  24.62500
  24.40625
  24.18750
  23.96875
  19.75000
  17.25000
   6.00000
   2.98182
 144.16667
 132.00000
 117.25000
  86.25000
  85.66666
  78.25000
  88.38636
  83.43182
  19.25000
  14.79545
  16.75000
  23.75000
  23.50000
  23.50000
  22.75000
  22.25000
  21.87500
  21.50000
  20.00000
   6.25000
   2.92273
 144.25000
 134.00000
 119.25000
  99.25000
  97.75000
  95.75000
  93.25000
  91.00000
  89.75000
  88.58334
  87.41666
  78.25000
  88.18182
 137.12500
 136.50000
 138.00000
  83.37878
  20.50000
  14.73864
  16.50000
  15.00000
  13.00000
  11.75000
   6.00000
   2.86364
 144.25000
 134.12500
 120.00000
 100.25000
 100.00000
  99.75000
  99.50000
  77.50000
  87.97727
 134.25000
 135.00000
 136.50000
 137.50000
 137.75000
  83.32575
  21.75000
  14.68182
  11.25000
   5.50000
   5.00000
   4.00000
   2.80455
 144.50000
 134.25000
 123.25000
 101.08334
  77.00000
  87.77273
 134.20000
  83.27273
  23.00000
  14.62500
  11.00000
   3.50000
   2.74545
 144.50000
 135.00000
 134.37500
 124.50000
  77.25000
  87.56818
 134.14999
  83.21970
  23.75000
  14.56818
  14.51136
  14.17045
  14.11364
  14.05682
  14.00000
  12.00000
  18.25000
   3.80000
   2.68636
 144.75000
 135.75000
 135.50000
 135.25000
 134.50000
 125.00000
  77.75000
  87.36364
 134.10001
  83.16666
  25.25000
  14.45455
  14.39773
  14.34091
  14.28409
  14.22727
  13.93750
  11.25000
  13.00000
  15.62500
   3.00000
   3.70000
   2.62727
 145.00000
 138.50000
 137.25000
 136.50000
 136.25000
 134.50000
 126.50000
  78.00000
  87.15909
 134.05000
  83.00000
  26.75000
  13.87500
   9.37500
   8.00000
   3.00000
   2.56818
 145.06250
 139.25000
 135.25000
 126.75000
 126.62500
  78.00000
  76.43182
  76.37500
  86.95454
 134.00000
  80.58334
  80.68750
  80.79166
  81.00000
  27.58333
  13.81250
   4.15000
   7.50000
   5.00000
   4.00000
   3.25000
   3.00000
   3.00000
   3.00000
   3.25000
   3.50000
   3.50000
   3.75000
   4.00000
   3.50000
   3.25000
   3.25000
   3.00000
   3.00000
   3.00000
   3.00000
   3.00000
   3.00000
   3.00000
   3.00000
   3.00000
   2.50909
 145.12500
 140.00000
 135.75000
  76.71591
  77.25000
  77.50000
  76.54546
  76.48864
  76.31818
  76.26136
  86.75000
 133.95000
  80.47916
  80.75000
  28.41667
  13.75000
  12.06250
  12.00000
  11.93750
  11.87500
  11.81250
  11.75000
  11.68750
   4.35000
   4.30000
   4.25000
   4.20000
   5.25000
   5.00000
   5.00000
   5.00000
   5.25000
   5.25000
   5.00000
   4.50000
   3.75000
   3.60000
   3.52500
   3.45000
   3.37500
   6.25000
   3.00000
   4.00000
   3.00000
   3.00000
   3.00000
   3.00000
   3.00000
   2.45000
 145.18750
 140.00000
 136.00000
  76.20454
  85.50000
 133.89999
  80.37500
  29.25000
  13.68750
  12.12500
  11.62500
   4.40000
   4.25000
   4.50000
   6.00000
   6.12500
   3.00000
   3.08333
   3.00000
   3.00000
   3.00000
   3.00000
   2.39091
   0.00000
   0.00000
   0.00000
   0.00000
   0.00000
   0.00000
 145.25000
 140.50000
 136.25000
  80.50000
  85.00000
 133.85001
  80.27084
  29.33333
  13.62500
  13.56250
  13.50000
  13.43750
  13.37500
  13.31250
  13.25000
  13.18750
  13.12500
  13.06250
  13.00000
  12.93750
  12.87500
  12.81250
  12.75000
  12.68750
  12.62500
  12.56250
  12.50000
  12.43750
  12.37500
  12.31250
  12.25000
  12.18750
  11.56250
   4.45000
   3.00000
   5.25000
   3.50000
   4.25000
   4.00000
   3.25000
   3.00000
   3.00000
   3.00000
   3.25000
   3.00000
   3.00000
   3.00000
   3.00000
   3.00000
   2.33182
   0.00000
   0.00000
   0.00000
   0.00000
   0.00000
   0.00000
   0.00000
   0.00000
   0.00000
   0.00000
 145.25000
 137.00000
  80.00000
  80.25000
  84.75000
 133.80000
  80.16666
  29.41667
  11.50000
  11.50000
   4.50000
   3.75000
   3.50000
   3.00000
   5.00000
   3.50000
   4.00000
   4.00000
   3.00000
   3.00000
   3.00000
   3.00000
   3.00000
   3.50000
   3.00000
   3.00000
   3.00000
   3.00000
   3.00000
   2.27273
   0.50000
   0.00000
   0.00000
   0.00000
   0.00000
   0.00000
 146.25000
 138.00000
  75.92046
  84.75000
 133.75000
  80.06250
  30.50000
  10.25000
   4.55000
   3.25000
   4.25000
   3.50000
   3.25000
   3.00000
   3.25000
   4.25000
   4.00000
   3.50000
   4.00000
   3.50000
   3.25000
   3.00000
   3.25000
   3.00000
   3.00000
   2.21364
   0.55909
   0.00000
 147.75000
 138.25000
  81.25000
  75.86364
  84.62500
 133.70000
  79.95834
  29.58333
  10.18333
  10.11667
  10.05000
   9.98333
   9.91667
   9.85000
   9.78333
   9.71667
   9.65000
   9.58333
   4.60000
   4.50000
   4.75000
   4.00000
   4.00000
   5.25000
   3.75000
   4.00000
   3.00000
   3.00000
   3.00000
   2.15455
   1.75000
   0.00000
 148.50000
 148.25000
  75.80682
  84.50000
 133.64999
  79.85416
  30.50000
   9.51667
   4.65000
   4.55556
   3.50000
   3.00000
   3.00000
   3.25000
   3.00000
   2.09545
   0.67727
   0.00000
 149.25000
  75.75000
  75.67709
  75.60416
  75.53125
  84.00000
 133.60001
  79.75000
  29.75000
   9.45000
   4.70000
   4.61111
   3.00000
   4.00000
   3.00000
   3.00000
   3.00000
   3.00000
   2.03636
   0.73636
 149.41667
  75.45834
  75.38541
  75.31250
  75.23959
  75.16666
  75.09375
  75.02084
  74.94791
  83.50000
 133.55000
  79.50000
  29.83333
   9.38333
   4.75000
   4.66667
   4.00000
   3.00000
   3.00000
   1.97727
   1.85909
   1.80000
   0.79545
 149.58333
  74.87500
  82.50000
 133.50000
  79.00000
  29.91667
   9.31667
   3.50000
   4.72222
   3.00000
   3.50000
   3.00000
   1.91818
   1.74091
   1.68182
   0.85455
 149.75000
  74.80209
  78.87500
  79.25000
  79.62500
  80.00000
  81.00000
 131.25000
  78.25000
  30.00000
   9.25000
   6.28571
   4.75000
   4.77778
   3.25000
   3.00000
   3.00000
   3.00000
   1.62273
   0.91364
 149.75000
  74.72916
  78.50000
 131.12500
  78.25000
  30.25000
   8.00000
   7.71429
   7.42857
   7.14286
   6.85714
   6.57143
   4.83333
   3.00000
   3.25000
   3.00000
   3.00000
   1.56364
   0.97273
 150.50000
  74.65625
  78.00000
  78.50000
 131.00000
  77.75000
  80.00000
  31.00000
   4.88889
   3.00000
   3.25000
   3.00000
   3.00000
   3.00000
   1.50455
   1.03182
 151.25000
  74.58334
  77.00000
  77.50000
 129.75000
  76.75000
  79.83334
  33.00000
  31.75000
   4.94444
   3.00000
   3.00000
   3.00000
   3.00000
   3.00000
   1.44545
   1.38636
   1.32727
   1.26818
   1.15000
   1.09091
 152.50000
  74.51041
  76.50000
 129.25000
  76.25000
  77.00000
  79.66666
  35.00000
   5.00000
   3.00000
   3.00000
   3.00000
   2.75000
   3.00000
   3.00000
   3.00000
   3.00000
   3.00000
   1.20909
 153.50000
  74.56250
  74.43750
  76.00000
 129.08333
 128.91667
 128.75000
 128.58333
  76.25000
  76.00000
  76.00000
  75.50000
  79.50000
  37.75000
  36.50000
  36.00000
  35.00000
  34.25000
  35.00000
   5.10000
   3.00000
   3.00000
   3.00000
   2.50000
   3.00000
 153.75000
  74.62500
  74.25000
  74.37500
  74.78125
  75.50000
  75.75000
 128.25000
  75.75000
  74.75000
  75.12500
  79.40000
  41.75000
  39.75000
   5.20000
   3.00000
   3.00000
   2.50000
   2.25000
   3.00000
 154.00000
  74.68750
  74.50000
  74.31250
  75.25000
 124.50000
  75.50000
  75.00000
  74.66666
  74.33334
  74.37500
  79.30000
  43.83333
  43.25000
  42.50000
   5.30000
   3.25000
   3.00000
   2.00000
   1.25000
   1.50000
   2.00000
   3.00000
 154.25000
  74.75000
  73.25000
 120.75000
  74.00000
  79.20000
  75.91666
  75.58334
  75.25000
  74.00000
  72.00000
  69.50000
  68.00000
  63.61309
  63.47619
  63.33929
  47.75000
  47.50000
  47.25000
  47.00000
  45.00000
  44.00000
   5.40000
   3.25000
   3.00000
   2.75000
   2.75000
   2.50000
   1.50000
   2.00000
   2.50000
   3.00000
 154.50000
  76.00000
  73.00000
 114.75000
  73.50000
  79.10000
  76.25000
  66.00000
  65.50000
  63.75000
  63.20238
  52.75000
  50.50000
   5.50000
   3.00000
   3.00000
   3.00000
   3.25000
   3.25000
   3.00000
   3.25000
   2.25000
   3.00000
   2.50000
   3.00000
   2.75000
   3.00000
  76.25000
  73.00000
 111.50000
  73.50000
  79.00000
  76.58334
  65.50000
  65.00000
  64.75000
  64.25000
  63.75000
  63.06548
  61.37500
  60.66667
  59.95833
  58.41667
  56.75000
  54.25000
   5.60000
   3.25000
   3.00000
   3.75000
  11.25000
   5.50000
   3.25000
   2.50000
   2.00000
   2.50000
   3.00000
   3.00000
  80.25000
  79.00000
  78.50000
  78.50000
  78.50000
  78.50000
  78.44444
  78.38889
  78.33334
  78.27778
  78.22222
  78.00000
  73.00000
 109.75000
 109.25000
 106.75000
 104.00000
  73.86364
  79.00000
  78.75000
  77.25000
  76.91666
  67.50000
  62.92857
  62.79167
  62.08333
  59.25000
   5.70000
   3.00000
   3.00000
   3.00000
   3.00000
   3.00000
   3.50000
   3.75000
  14.50000
   2.25000
   2.00000
   3.00000
   3.00000
  82.25000
  81.75000
  81.50000
  81.25000
  81.00000
  78.16666
  78.11111
  78.05556
  73.00000
 103.00000
 104.00000
 104.50000
  73.72727
  78.00000
  77.50000
  68.75000
  62.50000
   5.80000
   3.00000
   3.00000
   2.00000
  16.25000
   3.00000
   3.00000
   3.00000
   3.00000
  82.00000
  82.00000
  72.75000
 101.25000
  98.00000
  97.50000
  73.59091
  76.25000
  72.75000
  70.50000
  62.67500
   5.90000
   3.25000
   3.00000
   3.00000
   3.00000
  16.68750
   3.00000
   3.00000
   3.00000
   3.00000
   3.00000
   3.00000
   3.00000
   3.00000
  83.32143
  82.25000
  81.50000
  73.00000
  96.00000
  94.50000
  73.45454
  77.41666
  77.00000
  76.62500
  62.85000
   6.00000
   3.00000
  17.12500
   3.00000
   3.00000
  83.48214
  72.95139
  94.50000
  93.75000
  73.31818
  78.00000
  77.83334
  63.02500
   6.05000
  17.56250
   3.25000
   3.00000
   3.00000
   3.00000
   3.00000
  83.64286
  72.90278
  93.00000
  73.18182
  78.25000
  63.20000
   6.10000
  18.00000
   4.50000
  83.80357
  72.85416
  92.50000
  73.04546
  78.25000
  63.37500
   6.15000
  19.50000
   5.50000
  84.12500
  83.96429
  72.80556
  91.00000
  72.90909
  78.50000
  63.55000
   6.20000
  19.81250
   5.50000
  84.28571
  76.75000
  74.75000
  73.50000
  73.00000
  72.75694
  90.50000
  90.50000
  72.77273
  63.72500
   6.25000
  20.12500
   7.50000
  84.44643
  77.50000
  72.70834
  90.25000
  89.50000
  72.63636
  63.90000
   6.30000
  14.25000
  21.00000
  20.43750
   9.62500
 108.25000
 106.50000
  84.50000
  83.50000
  84.48979
  79.00000
  79.50000
  72.65972
  72.61111
  88.75000
  88.25000
  72.50000
  64.07500
   6.35000
  24.25000
  20.75000
  11.75000
 106.25000
 106.00000
  84.75000
  84.75000
  84.70663
  84.66326
  84.61990
  80.00000
  72.56250
  72.51389
  88.00000
  72.25000
  64.25000
   6.40000
  25.50000
  21.25000
  14.00000
 105.00000
  88.00000
  86.75000
  86.75000
  86.25000
  86.00000
  86.00000
  86.00000
  85.37500
  80.50000
  72.46528
  88.00000
  72.14286
  64.50000
   6.45000
  28.75000
  22.00000
  17.50000
 104.87500
  88.50000
  86.75000
  81.16666
  80.75000
  72.41666
  72.36806
  87.00000
  72.03571
  65.50000
   6.78571
   6.50000
  32.50000
  22.00000
  18.87500
 104.75000
  95.12500
  92.25000
  92.00000
  92.25000
  89.00000
  81.50000
  72.31944
  86.33334
  71.92857
  65.50000
   7.35714
   7.28571
   7.14286
   7.07143
  35.25000
  22.00000
  20.25000
  99.75000
  98.50000
  96.50000
  95.50000
  95.00000
  94.75000
  94.00000
  92.50000
  92.87500
  92.75000
  92.62500
  92.50000
  92.00000
  90.00000
  90.00000
  89.00000
  87.50000
  86.50000
  85.25000
  72.27084
  85.50000
  71.82143
  66.25000
   7.42857
   7.21429
  38.00000
  23.25000
  20.50000
  99.00000
  94.62500
  94.50000
  94.37500
  93.50000
  93.50000
  93.50000
  91.75000
  72.22222
  85.25000
  71.71429
  66.75000
   7.50000
  39.50000
  23.31818
  20.75000
 111.28571
  99.50000
  93.50000
  72.17361
  85.25000
  71.60714
  68.00000
   7.59459
  39.75000
  23.38636
  21.00000
 111.82143
 110.75000
 110.75000
 100.00000
  72.12500
  85.25000
  71.50000
  68.05000
   7.68919
  40.00000
  23.45455
  21.50000
 112.35714
 110.30000
 102.50000
  71.90625
  84.75000
  71.39286
  68.10000
   7.78378
  42.75000
  23.52273
  24.25000
 112.89286
 109.85000
 104.00000
  71.68750
  84.55000
  71.28571
  68.15000
   7.87838
  44.50000
  23.59091
  26.00000
 115.00000
 114.75000
 114.50000
 113.42857
 109.40000
 105.50000
  71.46875
  84.35000
  71.17857
  71.07143
  70.96429
  70.85714
  68.20000
   7.97297
  24.00000
  24.00000
  23.93182
  23.86364
  23.65909
  27.00000
 115.25000
 113.96429
 108.95000
 108.50000
 107.75000
 107.00000
  71.25000
  84.15000
  70.75000
  70.25000
  68.25000
   8.06757
  23.79545
  23.72727
  28.50000
 116.50000
  70.25000
  83.95000
  69.75000
  69.55000
  69.35000
  68.75000
   8.16216
  29.25000
 116.50000
  70.50000
  83.75000
  69.15000
  68.95000
  68.75000
  68.55000
  68.35000
  70.75000
   8.25676
  29.50000
 117.07143
  70.40625
  82.75000
  68.15000
  72.75000
   8.35135
  29.75000
 117.64286
  70.31250
  70.21875
  70.12500
  70.03125
  82.50000
  67.95000
  73.25000
   8.44595
  30.00000
 118.78571
 118.21429
  69.93750
  82.00000
  67.25000
  73.75000
   8.54054
  30.25000
 145.50000
 119.92857
 119.35714
  69.84375
  81.25000
  65.50000
  65.01563
  74.25000
   8.63514
  30.50000
 145.25000
 120.50000
  69.75000
  69.31250
  68.87500
  80.25000
  65.75000
  65.25000
  65.17188
  65.09375
  64.93750
  74.00000
   8.72973
  30.75000
 145.33333
 121.50000
  68.25000
  68.00000
  67.87037
  67.80556
  67.74074
  80.50000
  64.85938
  74.75000
   8.82432
  31.00000
 145.25000
 121.73077
  67.93519
  67.67593
  67.61111
  80.75000
  64.78125
  78.50000
   8.91892
  31.25000
 144.75000
 121.96154
  67.54630
  80.00000
  64.70313
  80.50000
   9.01351
  31.25000
 144.00000
 122.42308
 122.19231
  67.48148
  78.00000
  64.62500
  64.54688
  81.00000
   9.10811
  32.00000
 144.00000
 124.03846
 123.80769
 122.88461
 122.65385
  67.41666
  76.75000
  64.46875
  82.75000
  81.25000
   9.20270
  32.25000
 143.54167
 124.26923
 123.57692
 123.34615
 123.11539
  67.35185
  76.25000
  64.39063
  83.25000
   9.29730
  32.50000
  32.50000
 143.08333
 124.95588
  67.28704
  76.00000
  64.31250
  85.25000
  84.75000
  84.25000
  83.75000
  83.75000
   9.39189
  32.75000
 142.62500
 125.01471
  67.22222
  75.75000
  64.23438
  85.50000
   9.48649
  34.00000
 142.25000
 125.19118
 125.07353
  67.15741
  75.50000
  64.15625
  85.75000
   9.58108
  34.10000
 140.50000
 125.25000
 125.13235
  67.09259
  75.50000
  64.07813
  86.50000
  60.66667
  59.75000
  49.75000
   9.67568
  34.20000
 141.25000
 125.75000
 126.00000
  67.02778
  75.12500
  64.00000
  87.50000
  57.75000
  57.50000
  57.50000
  57.50000
  55.50000
  53.25000
  52.25000
  49.50000
  49.50000
   9.77027
  34.30000
 140.75000
 126.00000
  66.96296
  74.75000
  64.00000
  63.89286
  92.00000
  89.25000
  48.00000
   9.86486
  34.40000
 140.25000
 126.00000
  66.89815
  74.56250
  63.78571
  92.62500
  46.00000
   9.95946
  34.50000
 139.00000
 126.50000
  66.83334
  74.37500
  63.67857
  44.25000
  10.05405
  34.50000
 137.25000
 126.85714
  66.76852
  74.18750
  63.57143
  43.25000
  42.75000
  42.00000
  41.25000
  41.25000
  41.19444
  10.14865
  35.00000
 135.75000
 127.25000
 127.25000
 127.07143
  66.70370
  74.00000
  63.46429
  41.13889
  12.14583
  12.08854
  10.24324
 135.00000
 127.50000
  66.63889
  73.50000
  63.35714
  41.08333
  17.00000
  12.03125
  10.33784
 133.00000
 130.25000
 128.00000
 128.00000
 127.92857
 127.64286
 127.57143
  71.00000
  66.57407
  73.84444
  63.25000
  40.87500
  12.20313
  11.97396
  10.52703
  10.43243
 164.00000
 129.91667
 128.28847
 128.19231
 127.85714
 127.78571
 127.71429
  76.75000
  76.25000
  66.50926
  73.76667
  62.50000
  40.66667
  12.26042
  11.91667
  10.62162
 163.25000
 129.58333
 129.15384
 129.05769
 128.38461
 129.00000
  80.25000
  78.25000
  77.50000
  77.25000
  77.00000
  66.44444
  73.68889
  59.75000
  61.75000
  40.50000
  12.31771
  11.85938
  10.71622
 161.50000
 161.00000
 161.00000
 129.25000
 128.96153
 128.86539
 128.76923
 128.67308
 128.57692
 128.48077
 129.06250
  80.50000
  66.37963
  73.61111
  59.50000
  40.25000
  12.43229
  11.80208
  11.40104
  11.34375
  11.28646
  11.22917
  11.17188
  11.11458
  11.05729
  11.00000
  10.90541
  10.81081
 159.75000
 158.75000
 158.75000
 158.18750
 130.25000
 129.12500
  80.75000
  66.31481
  73.53333
  59.05556
  40.00000
  35.00000
  32.25000
  31.95000
  12.48958
  11.74479
  11.51563
  11.45833
 158.75000
 157.62500
 157.06250
 131.00000
 129.18750
  81.66666
  66.25000
  73.45556
  58.61111
  31.65000
  16.25000
  11.68750
  11.63021
  11.57292
 159.00000
 156.50000
 131.50000
 129.25000
  82.58334
  66.18750
  73.37778
  58.16667
  31.35000
  12.60417
 159.25000
 155.75000
 146.00000
 145.00000
 145.00000
 144.75000
 131.75000
 129.31250
  83.50000
  66.12500
  66.06250
  66.00000
  65.93750
  65.87500
  73.30000
  57.72222
  31.05000
  12.66146
 159.50000
 155.25000
 155.00000
 147.75000
 146.50000
 144.00000
 131.75000
 129.37500
 129.43750
  65.81250
  65.75000
  65.68750
  65.62500
  65.43750
  65.37500
  73.22222
  57.27778
  30.75000
  12.71875
 159.75000
 154.25000
 154.00000
 153.50000
 152.75000
 153.00000
 148.63637
 148.56818
 148.50000
 143.95000
 143.89999
 143.85001
 143.80000
 143.75000
 143.70000
 143.64999
 143.60001
 132.50000
 129.50000
  65.50000
  65.50000
  65.31250
  73.14445
  56.83333
  28.75000
  13.29167
  14.75000
  14.75000
  13.11979
  13.06250
  13.00521
  12.77604
 160.00000
 153.00000
 151.75000
 151.00000
 151.00000
 151.00000
 150.25000
 148.90909
 148.84091
 148.77272
 148.70454
 143.55000
 136.37500
 136.31250
 136.25000
 136.18750
 136.12500
 136.06250
 136.00000
 135.82143
 135.64285
 133.25000
 130.25000
  65.25000
  65.25000
  65.19736
  73.06667
  56.38889
  25.00000
  24.50000
  13.40625
  13.34896
  12.94792
  12.83333
 160.50000
 150.75000
 150.50000
 150.00000
 149.50000
 149.25000
 149.18182
 149.11363
 149.04546
 148.97728
 143.50000
 143.45000
 143.39999
 143.35001
 139.12500
 136.50000
 136.43750
 135.46428
 135.28572
 135.10715
 134.92857
 132.00000
  65.14474
  65.09210
  64.75000
  64.98684
  72.98889
  55.94444
  22.00000
  13.46354
  12.89063
 161.25000
 143.30000
 139.25000
 139.00000
 137.25000
 133.75000
  64.93421
  72.91111
  55.50000
  21.00000
  13.52083
 161.75000
 143.25000
 143.25000
 143.20000
 143.00000
 140.50000
 138.87500
 138.75000
 137.75000
 137.75000
 134.25000
  64.88158
  72.25000
  54.75000
  20.40000
  13.57813
 162.50000
 143.14999
 143.05000
 143.00000
 142.75000
 142.25000
 141.25000
 134.75000
  64.82895
  72.00000
  72.25000
  53.75000
  19.80000
  16.00000
 163.00000
 135.25000
  64.77631
  70.25000
  54.25000
  19.20000
  18.00000
  13.69271
  15.75000
 163.50000
 135.75000
  64.72369
  68.25000
  54.25000
  18.60000
  15.00000
 164.50000
 136.25000
  64.67105
  67.50000
  54.00000
  13.83929
 165.25000
 138.00000
  64.61842
  67.50000
  53.25000
  13.92857
 165.50000
 139.25000
  64.56579
  67.00000
  51.53061
  51.47959
  51.42857
  51.37755
  51.32653
  53.17361
  14.01786
 166.00000
 140.00000
  64.51316
  65.50000
  51.63265
  51.58163
  51.27551
  51.22449
  53.09722
  15.75000
 141.50000
 140.25000
  64.46053
  64.00000
  51.68367
  51.17347
  53.02083
  14.19643
 142.25000
  64.40790
  62.75000
  55.00000
  51.73470
  51.12245
  51.07143
  51.02041
  52.94444
  16.75000
 143.75000
  64.35526
  62.25000
  51.78571
  50.96939
  14.75000
 147.25000
  64.30264
  61.25000
  51.83673
  50.91837
  16.25000
 147.25000
  64.25000
  61.25000
  59.79375
  59.74062
  59.68750
  59.63438
  59.58125
  59.52813
  59.26250
  59.20937
  51.88776
  50.86735
  16.25000
 148.35001
 148.00000
  64.00000
  60.50000
  60.37812
  60.32500
  60.27187
  60.21875
  59.84687
  59.47500
  59.42188
  59.36875
  59.31562
  59.15625
  51.93877
  50.81633
  16.25000
 149.39999
 149.05000
 148.70000
  63.87500
  63.75000
  60.43125
  60.16563
  59.90000
  59.10313
  51.98980
  50.76530
  15.50000
 151.50000
 150.00000
 149.75000
  63.62500
  63.50000
  63.25000
  60.48438
  60.11250
  60.05938
  60.00625
  59.95313
  59.05000
  52.04082
  50.71429
  15.75000
 152.50000
 171.00000
  62.75000
  62.00000
  60.53750
  58.99688
  52.09184
  50.66327
  16.50000
 171.25000
 170.87500
  62.00000
  61.25000
  60.75000
  60.75000
  60.59063
  58.25000
  52.14286
  50.61224
  15.75000
 172.25000
 170.75000
 162.00000
 161.25000
 159.50000
  60.69688
  60.64375
  58.00000
  52.19388
  50.56123
  50.51020
  15.11207
 172.33594
 169.25000
 164.00000
 163.50000
 162.75000
 157.00000
 154.25000
  57.75000
  52.24490
  50.45918
  50.40816
  60.50000
  15.22414
  15.16810
 172.42188
 166.75000
 167.00000
 166.50000
 165.50000
 164.50000
 153.25000
  57.75000
  52.29592
  50.35714
  50.30612
  50.25510
  50.20408
  50.15306
  60.37500
  15.28017
 172.50781
 152.25000
  58.67812
  52.34694
  50.10204
  50.05102
  50.00000
  60.25000
  15.33621
 172.59375
 151.25000
 151.00000
 150.50000
 140.75000
 140.50000
  58.62500
  52.39796
  49.94898
  60.12500
  15.39224
 172.67969
 150.00000
 140.00000
  57.50000
  58.25000
  52.44898
  49.89796
  60.00000
  15.44828
 172.76563
 149.91667
 149.83333
 139.00000
  57.25000
  52.50000
  49.84694
  59.87500
  15.50431
 172.85156
 149.75000
 149.50000
 149.37500
 149.25000
 147.75000
 147.25000
 146.62500
 139.25000
  57.00000
  52.55102
  49.79592
  49.74490
  48.97959
  48.92857
  48.87755
  48.82653
  48.77551
  59.75000
  15.56034
 172.93750
 146.00000
 139.06250
  56.20000
  56.35000
  56.50000
  56.75000
  52.65306
  52.60204
  54.50000
  55.25000
  49.69388
  49.64286
  49.48980
  49.43877
  49.38776
  49.33673
  49.28571
  49.23470
  49.18367
  49.13265
  49.08163
  49.03061
  48.72449
  59.62500
  51.00000
  47.50000
  47.41667
  15.61638
 173.02344
 145.66667
 138.87500
  56.05000
  56.25000
  52.80612
  52.75510
  52.70408
  56.50000
  57.50000
  58.16667
  58.83333
  49.59184
  49.54082
  48.67347
  59.50000
  55.05000
  54.90000
  54.75000
  52.00000
  47.33333
  35.50000
  34.25000
  33.41667
  32.58333
  15.67241
 173.10938
 145.33333
 145.00000
 138.68750
  55.90000
  52.90816
  52.85714
  59.50000
  48.62245
  47.90816
  47.85714
  59.25000
  55.20000
  47.25000
  44.25000
  43.00000
  41.75000
  41.00000
  40.75000
  39.75000
  39.00000
  37.25000
  31.75000
  29.25000
  27.50000
  26.00000
  24.25000
  24.25000
  23.91667
  23.58333
  23.25000
  20.00000
  18.75000
  18.25000
  15.72845
 173.19531
 143.25000
 143.25000
 138.50000
  55.75000
  52.95918
  60.16667
  48.57143
  48.52041
  48.46939
  48.41837
  48.36735
  48.31633
  48.26530
  48.21429
  48.16327
  48.11224
  48.06123
  48.01020
  47.95918
  47.80612
  59.25000
  55.35000
  45.25000
  29.50000
  17.50000
  15.78448
 173.28125
 142.00000
 138.14999
  55.00000
  53.01020
  60.83333
  47.75510
  47.70408
  57.50000
  56.25000
  55.50000
  15.84052
 173.36719
 141.75000
 141.50000
 140.75000
 140.75000
 140.25000
 137.80000
  55.00000
  53.06123
  61.50000
  47.65306
  15.89655
 173.45313
 137.75000
 134.75000
 135.75000
 137.10001
 137.45000
  55.00000
  53.11224
  63.00000
  47.60204
  15.94567
 173.53906
 136.00000
 134.64285
 136.75000
  55.00000
  53.16327
  64.50000
  47.55102
  15.99479
 173.62500
 135.75000
 134.53572
  54.94898
  54.89796
  53.26530
  53.21429
  65.83334
  47.50000
  16.04392
 173.71094
 135.75000
 134.42857
 144.39999
  54.84694
  53.36735
  53.31633
  67.16666
  47.25000
  16.09304
 173.79688
 135.75000
 135.25000
 134.32143
 144.10001
  54.79592
  53.46939
  53.41837
  68.50000
  46.83333
  16.14216
 173.88281
 134.21428
 143.80000
  54.74490
  54.69388
  53.77551
  53.72449
  53.67347
  53.62245
  53.57143
  53.52041
  68.75000
  46.41667
  16.19128
 173.96875
 134.10715
 143.50000
  54.64286
  53.82653
  69.75000
  46.00000
  16.24040
 174.05469
 134.00000
 141.50000
  54.59184
  53.87755
  70.50000
  45.25000
  16.58426
  16.53513
  16.48601
  16.43689
  16.38777
  16.33865
  16.28952
 174.14063
 133.87500
 133.75000
 133.75000
 138.62500
  54.54082
  53.97959
  53.92857
  71.25000
  44.75000
  16.63338
 174.22656
 133.75000
 133.50000
 133.30556
 133.11111
 132.91667
 135.75000
  55.25000
  55.00000
  55.00000
  55.00000
  55.00000
  54.48980
  54.08163
  54.03061
  71.50000
  43.62500
  16.68250
 174.31250
 132.72223
 134.75000
  55.50000
  55.00000
  55.00000
  54.43877
  54.13265
  74.25000
  42.50000
  34.25000
  34.75000
  16.73162
  16.97723
  17.02635
  17.07547
 174.65625
 174.57031
 174.48438
 174.39844
 132.52777
 134.50000
  56.25000
  55.00000
  54.38776
  54.18367
  41.75000
  33.00000
  16.78074
  16.82986
  16.87898
  16.92811
  17.12459
 174.82813
 174.74219
 132.33333
 134.00000
  56.25000
  54.95034
  54.33673
  54.28571
  54.23470
  40.75000
  34.25000
  34.00000
  33.75000
  33.50000
  33.00000
  17.17371
 174.91406
 132.13889
 133.75000
  56.00000
  55.25000
  54.90068
  54.85102
  54.80137
  54.75171
  40.00000
  34.50000
  32.50000
  17.22284
 175.25000
 175.00000
 131.94444
 133.68750
  55.50000
  39.75000
  34.75000
  33.00000
  17.27196
 175.30714
 131.75000
 133.62500
  69.00000
  56.50000
  38.50000
  35.00000
  32.50000
  32.25000
  31.50000
  17.32108
 175.36429
 130.00000
 133.56250
 133.56250
 105.50000
 104.25000
 104.00000
 102.50000
 101.00000
 100.00000
  99.00000
  68.00000
  56.60714
  38.25000
  35.25000
  29.50000
  17.37020
 175.47858
 128.75000
 132.00000
 132.75000
 105.00000
  98.25000
  66.00000
  56.76786
  56.71429
  56.66071
  37.25000
  36.50000
  35.50000
  29.45000
  29.40000
  17.41932
 175.53572
 127.75000
 131.50000
 108.25000
  97.50000
  96.25000
  65.25000
  56.82143
  36.75000
  29.35000
  17.46844
 179.00000
 179.25000
 179.00000
 179.00000
 179.00000
 175.59285
 127.75000
 131.00000
 111.50000
  93.25000
  92.00000
  64.00000
  64.00000
  64.00000
  63.50000
  63.00000
  65.00000
  56.87500
  40.50000
  29.30000
  17.51757
 179.50000
 179.50000
 179.00000
 175.64999
 128.00000
 131.00000
 112.00000
  90.75000
  83.50000
  82.75000
  81.25000
  79.25000
  77.75000
  76.50000
  75.50000
  75.00000
  70.25000
  70.00000
  69.50000
  68.50000
  67.50000
  64.50000
  62.89286
  62.78571
  62.67857
  62.57143
  62.46429
  64.75000
  56.92857
  44.00000
  29.25000
  17.56669
 179.00000
 178.50000
 178.00000
 178.00000
 175.70714
 128.00000
 127.75000
 130.25000
 122.79412
 122.70588
 122.61765
 122.52941
 117.50000
 113.75000
  87.25000
  86.25000
  85.25000
  84.00000
  83.75000
  74.50000
  73.75000
  73.25000
  72.50000
  71.50000
  70.00000
  66.00000
  65.50000
  62.35714
  64.50000
  56.98214
  44.30000
  29.20000
  27.14286
  27.03572
  19.50000
  19.00000
  19.25000
  19.75000
  17.61581
 178.75000
 178.62500
 178.00000
 175.76428
 127.25000
 129.25000
 122.88235
 122.44118
 119.25000
  62.00000
  63.50000
  57.14286
  57.08929
  57.03571
  44.60000
  29.15000
  27.78572
  27.67857
  27.57143
  27.46428
  27.35714
  27.25000
  26.92857
  26.82143
  20.25000
  20.00000
  19.50000
  18.75000
  18.50000
  18.50000
  18.45088
  18.40176
  18.35263
  18.30351
  18.25439
  18.20527
  18.15615
  18.10703
  18.05791
  18.00878
  17.95966
  17.91054
  17.71405
  17.66493
 178.00000
 175.82143
 127.25000
 126.87122
 127.75000
 122.97059
 122.35294
 122.00000
  61.50000
  62.00000
  57.19643
  48.50000
  44.90000
  29.10000
  29.05000
  29.00000
  27.89286
  26.71428
  26.60714
  21.00000
  17.86142
  17.81230
  17.76317
 178.00000
 175.87857
 126.49242
 126.43939
 126.38636
 126.33334
 126.28030
 126.22727
 123.05882
  61.25000
  60.75000
  57.25000
  48.75000
  48.75000
  48.25000
  46.75000
  45.50000
  45.20000
  28.95000
  28.90000
  28.85000
  28.00000
  26.50000
  25.50000
  21.00000
  22.25000
 177.25000
 177.19286
 177.13571
 177.07857
 175.93571
 126.54546
 126.17424
 125.05000
 125.00000
 124.95000
 124.90000
 123.14706
  60.75000
  59.50000
  57.30357
  50.25000
  50.00000
  50.00000
  49.75000
  49.00000
  48.50000
  28.80000
  28.08333
  28.00000
  28.00000
  25.50000
  21.25000
  25.75000
 189.28572
 189.21428
 189.14285
 177.30612
 177.02142
 176.96428
 176.90715
 176.85001
 176.79286
 176.73572
 175.99286
 126.50000
 126.12122
 125.10000
 124.75000
 124.50000
 124.43750
 124.12500
 123.81250
 123.23529
  60.00000
  59.25000
  59.00000
  59.00000
  58.91667
  57.35714
  50.25000
  50.50000
  28.75000
  28.58333
  28.50000
  28.16667
  24.91667
  22.00000
 189.42857
 189.35715
 189.00000
 189.00000
 189.00000
 188.75000
 188.25000
 188.00000
 188.00000
 188.00000
 177.36224
 176.67857
 176.62143
 176.56429
 176.50714
 176.45000
 176.39285
 176.33571
 176.27856
 176.22144
 176.16429
 176.10715
 176.05000
 126.50000
 126.06818
 125.15000
 124.50000
 123.50000
 123.32353
  58.50000
  58.00000
  58.00000
  58.00000
  58.00000
  58.00000
  58.00000
  58.00000
  57.94643
  57.41071
  51.50000
  28.50000
  28.41667
  28.33333
  28.25000
  24.62500
  22.07895
 192.00000
 191.50000
 190.50000
 190.00000
 189.75000
 189.75000
 189.75000
 189.50000
 187.75000
 177.41837
 126.70454
 126.01515
 125.20000
 123.41177
  57.89286
  57.46429
  60.25000
  59.75000
  59.25000
  58.75000
  57.25000
  56.80000
  56.35000
  52.50000
  24.33333
  22.15789
 192.75000
 192.00000
 187.00000
 177.47449
 126.75758
 125.96212
 125.25000
  57.83929
  57.51786
  60.75000
  55.50000
  54.25000
  54.50000
  23.75000
  22.23684
 193.25000
 186.50000
 185.75000
 177.53061
 126.81061
 125.50000
 125.30000
  57.78571
  57.57143
  57.62373
  59.50000
  63.75000
  23.00000
  22.31579
 194.00000
 184.50000
 183.75000
 182.50000
 182.50000
 182.50000
 177.58673
 126.86364
 125.75000
 125.75000
 125.60000
 125.35000
  57.73214
  57.62500
  57.72959
  63.87500
  64.00000
  64.12500
  64.25000
  23.00000
  22.39474
 194.00000
 183.00000
 183.00000
 182.75000
 182.41667
 182.33333
 177.64285
 126.91666
 125.50000
 125.75000
 125.75000
 125.70000
 125.65000
 125.55000
 125.50000
 125.45000
 125.40000
  57.67857
  57.77877
  64.37500
  23.00000
  23.00000
  22.47368
 194.75000
 182.25000
 182.00000
 177.69897
 126.96970
  57.82795
  64.50000
  22.95395
  22.55263
 195.00000
 195.00000
 181.95238
 181.90475
 181.85715
 177.75510
 127.02273
  57.87712
  66.25000
  22.90789
  22.86184
  22.81579
  22.76974
  22.72368
  22.63158
 195.00000
 181.80952
 177.81122
 127.07576
  57.92630
  69.75000
  22.67763
 181.76190
 177.86734
 127.12878
  57.97548
  72.50000
 181.71428
 177.92346
 127.23485
 127.18182
  58.02466
  73.33334
 181.66667
 178.48470
 178.42857
 178.37245
 178.31633
 177.97960
 127.90783
 127.81566
 127.72348
 127.34091
 127.28788
  58.07384
  74.16666
 181.61905
 178.54082
 178.26021
 178.20409
 178.14796
 178.09184
 178.03572
 128.00000
 127.50000
 127.50000
 127.25000
 127.25000
  58.12302
  58.17220
  58.22137
  75.00000
 181.57143
 178.59694
 128.05882
  58.27055
  58.47546
  58.68037
  76.25000
 181.52380
 178.65306
 128.11765
  58.25000
  58.31973
  58.88528
  78.00000
  77.00000
 228.50000
 228.37500
 228.25000
 181.47618
 178.70918
 128.17647
  58.25000
  58.75000
  81.00000
 228.87500
 228.75000
 228.62500
 226.25000
 200.25000
 200.00000
 199.50000
 198.50000
 198.00000
 197.75000
 181.42857
 178.76530
 128.23529
  58.56562
  58.51644
  59.00000
  86.25000
  83.25000
 229.00000
 225.66667
 200.75000
 197.50000
 181.25000
 181.38095
 178.82143
 128.29411
  58.61480
  59.50000
  89.43750
  88.37500
  87.31250
 229.50000
 229.25000
 224.50000
 201.75000
 197.25000
 181.33333
 181.28571
 178.87755
 128.35294
  58.66397
  61.00000
  66.18750
  90.50000
 229.50000
 223.25000
 204.25000
 203.50000
 202.75000
 196.50000
 181.23810
 181.19048
 181.14285
 181.07143
 178.98979
 178.93367
 128.41176
  58.71315
  61.50000
  62.50000
  63.00000
  65.67188
  65.84375
  66.01563
  66.35938
  92.00000
 229.50000
 222.75000
 221.75000
 221.00000
 205.50000
 204.75000
 195.50000
 181.00000
 179.04591
 128.47058
  58.76233
  62.00000
  62.00000
  63.50000
  64.00000
  65.50000
  66.53125
  92.37500
 220.37500
 219.75000
 218.00000
 216.50000
 206.75000
 195.00000
 194.50000
 180.75000
 179.10204
 128.52942
  58.81151
  63.50000
  66.70313
  92.75000
  92.75000
 214.75000
 213.50000
 212.75000
 211.75000
 210.25000
 209.25000
 208.50000
 207.75000
 195.00000
 194.50000
 180.25000
 179.21428
 179.15816
 129.95454
 129.88637
 129.81818
 128.58824
  58.86069
  66.87500
  93.75000
  92.50000
 194.35001
 180.25000
 179.38266
 179.32654
 179.27040
 130.15909
 130.09091
 130.02272
 129.75000
 128.64706
  58.90986
  67.04688
  94.00000
 194.14999
 188.16667
 188.11111
 188.05556
 180.00000
 179.94388
 179.66327
 179.60715
 179.55103
 179.49490
 179.43878
 130.22728
 129.00000
 129.00000
 128.70589
  58.95904
  67.21875
  94.16666
  94.08334
 193.95000
 188.50000
 188.44444
 188.38889
 188.33333
 188.27777
 188.22223
 187.75000
 187.25000
 180.00000
 179.88776
 179.83163
 179.77551
 179.71939
 134.50000
 133.25000
 132.00000
 131.50000
 131.16667
 130.83333
 130.29546
 128.94118
 128.88235
 128.82353
 128.76471
  59.00822
  67.39063
  94.25000
 193.75000
 191.50000
 190.75000
 190.25000
 190.00000
 190.25000
 190.25000
 189.50000
 189.00000
 188.75000
 186.75000
 135.00000
 130.50000
 130.43182
 130.36363
  59.05740
  67.56250
 193.00000
 192.50000
 192.00000
 186.25000
 185.75000
 135.64999
  59.15575
  59.10658
  67.73438
 193.75000
 185.25000
 136.55000
 136.10001
  59.25411
  59.20493
  67.90625
 194.25000
 185.25000
 137.00000
  59.30329
  68.00000
 194.50000
 185.00000
 138.75000
  93.37500
  93.00000
  92.62500
  92.25000
  59.35247
  68.25000
  88.50000
  88.50000
  88.62500
  88.75000
  88.87500
 194.91667
 194.83333
 194.75000
 194.25000
 194.50000
 184.75000
 140.25000
 139.75000
  93.75000
  91.87500
  59.40165
  68.75000
  68.75000
  88.25000
 195.00000
 184.75000
 184.32143
 184.21428
 141.00000
  94.75000
  91.50000
  59.45082
  68.87500
  69.50000
  86.25000
 195.00000
 184.75000
 184.50000
 184.25000
 184.00000
 184.10715
 184.00000
 183.25000
 183.00000
 183.25000
 183.06250
 182.87500
 141.75000
  95.50000
  91.00000
  59.50000
  69.00000
  69.25000
  70.00000
  71.00000
  82.50000
 195.00000
 182.68750
 182.50000
 143.25000
  95.91666
  95.75000
  90.75000
  60.50000
  69.00000
  73.75000
  77.00000
 195.75000
 182.41667
 144.75000
  99.25000
  98.75000
  97.25000
  96.50000
  96.25000
  96.08334
  90.50000
  61.00000
  69.07143
 196.50000
 182.33333
 145.00000
  99.75000
  90.25000
  61.25000
  69.14286
 197.00000
 182.25000
 145.25000
 100.50000
  90.00000
  61.50000
  69.18956
 197.25000
 197.00000
 182.00000
 145.75000
 102.50000
  89.75000
  61.75000
  69.23627
 197.75000
 181.75000
 146.25000
 104.25000
  89.50000
  88.68750
  87.62500
  84.00000
  83.75000
  61.90909
  69.28297
 182.00000
 147.75000
 109.50000
 107.50000
 105.75000
 105.75000
  92.00000
  85.00000
  84.25000
  83.25000
  63.18182
  62.06818
  69.32967
 181.91667
 150.75000
 110.50000
  94.50000
  92.50000
  82.25000
  63.50000
  63.34091
  63.02273
  62.22727
  69.37637
 181.83333
 153.75000
 113.50000
  96.75000
  81.75000
  82.50000
  63.75000
  62.86364
  62.38636
  69.42308
 181.75000
 156.75000
 113.91666
  99.25000
  81.50000
  81.37500
  81.25000
  81.12500
  81.00000
  80.87500
  78.41666
  78.08334
  66.25000
  64.50000
  62.70454
  62.54546
  69.46978
 181.25000
 157.25000
 113.50000
 103.50000
  80.75000
  80.25000
  79.75000
  79.25000
  78.75000
  77.75000
  74.75000
  67.50000
  69.51649
 180.87500
 157.75000
 114.75000
 106.00000
  71.75000
  70.25000
  69.25000
  68.75000
  69.56319
 180.50000
 163.21428
 162.89285
 162.57143
 159.50000
 116.25000
 109.75000
  70.25000
  69.60989
 180.12500
 164.50000
 164.17857
 163.85715
 163.53572
 162.25000
 161.25000
 160.75000
 116.62500
 111.50000
  72.25000
  70.50000
  69.65659
 179.75000
 165.25000
 163.75000
 163.50000
 164.25000
 117.00000
 112.25000
  79.25000
  69.70330
 179.50000
 165.75000
 117.75000
 114.50000
  86.00000
  69.75000
 179.25000
 166.25000
 118.25000
 115.75000
  91.25000
  69.75000
 179.00000
 166.75000
 118.50000
 117.50000
  92.62500
  69.75000
  70.25000
  70.41666
 179.00000
 166.50000
 136.00000
 135.00000
 134.75000
 132.75000
 129.75000
 127.25000
 125.25000
 123.75000
 122.50000
 118.50000
 119.00000
  94.00000
  70.50000
  70.75000
 179.00000
 166.25000
 137.25000
 134.75000
 134.00000
 133.00000
 118.91250
 120.25000
  97.00000
  71.00000
 179.14957
 167.00000
 138.50000
 134.00000
 133.75000
 122.50000
  99.00000
  71.50000
 179.09937
 167.75000
 141.00000
 140.75000
 140.75000
 140.50000
 140.50000
 140.25000
 139.75000
 139.75000
 124.75000
 102.00000
 100.75000
  72.75000
 179.04915
 168.81250
 168.50000
 141.75000
 127.75000
 104.83334
 104.00000
  72.83334
 178.99893
 168.90973
 168.86111
 168.76389
 168.71529
 168.66667
 168.58333
 131.00000
 105.66666
  72.91666
  73.00000
  73.08334
 178.94872
 175.81250
 168.95834
 134.75000
 106.50000
  73.16666
 178.89851
 175.75000
 169.00694
 138.25000
 106.97500
 106.00000
  73.25000
 178.84830
 175.68750
 175.62500
 169.05556
 142.75000
 107.45000
  73.33334
 178.79808
 175.56250
 169.20139
 169.15277
 169.10417
 148.00000
 107.92500
  73.41666
 178.74786
 175.50000
 169.25000
 156.00000
 108.40000
  73.50000
 178.64745
 178.69765
 175.43750
 169.30556
 156.05714
 108.87500
  73.58334
 178.59723
 175.37500
 169.36111
 156.17143
 156.11429
 109.35000
  73.66666
 178.54701
 175.31250
 169.41667
 156.22858
 109.82500
  73.75000
 178.49680
 175.25000
 169.47223
 156.34285
 156.28572
 110.30000
  73.83334
 178.44659
 175.00000
 169.52777
 156.39999
 110.77500
  73.75000
 178.39638
 175.00000
 169.58333
 156.51428
 156.45714
 111.25000
  73.50000
 178.34616
 175.00000
 169.50000
 156.57143
 112.00000
  73.75000
 178.29594
 175.00000
 171.90909
 171.85606
 169.25000
 156.68571
 156.62857
 112.06818
  74.00000
 181.25000
 181.00000
 181.00000
 180.75000
 180.25000
 180.00000
 178.24573
 174.75000
 171.96213
 171.80302
 171.75000
 171.50000
 169.75000
 156.74286
 112.13636
  74.25000
 181.75000
 180.00000
 180.00000
 180.00000
 180.00000
 180.00000
 180.00000
 178.19553
 174.25000
 172.01515
 171.25000
 170.75000
 170.75000
 156.85715
 156.80000
 112.20454
  74.75000
 180.00000
 180.00000
 179.75000
 178.14531
 174.50000
 172.06818
 171.00000
 170.75000
 170.95000
 170.80000
 156.91429
 112.27273
  75.00000
 179.75000
 179.70000
 178.09509
 174.50000
 172.12122
 171.00000
 170.89999
 170.85001
 157.02856
 156.97144
 112.34091
  75.25000
 179.64999
 178.04488
 174.45125
 172.17424
 157.08571
 111.50000
  75.25000
 179.60001
 177.99467
 174.40248
 172.22728
 157.20000
 157.14285
 112.00000
  76.75000
 177.94446
 174.35373
 175.25000
 172.28030
 157.25714
 112.75000
  78.00000
 177.89424
 174.30498
 175.00000
 172.33333
 157.37143
 157.31429
 114.00000
  78.00000
 177.84402
 174.25621
 174.50000
 175.00000
 172.38637
 157.42857
 116.50000
  78.00000
 177.79381
 174.20746
 174.25000
 172.64723
 172.59848
 172.54546
 172.49243
 172.43939
 157.54286
 157.48572
 117.00000
  84.12500
  84.00000
  82.50000
  81.50000
  80.75000
  80.50000
  80.50000
  80.00000
  79.00000
  78.33334
 177.74361
 174.15871
 174.50000
 172.69600
 157.60001
 118.75000
  84.25000
  78.66666
 177.69339
 174.10994
 174.06119
 174.50000
 172.74475
 157.71428
 157.65715
 116.75000
  84.25000
  78.83333
 177.64317
 174.01244
 174.00000
 172.79350
 157.77142
 119.50000
  79.00000
 177.59296
 173.96367
 173.91492
 173.86617
 173.81740
 173.76865
 173.32983
 172.84227
 157.88571
 157.82857
 120.75000
  79.25000
 177.54276
 173.71989
 173.67113
 173.62238
 173.75000
 173.25000
 173.00000
 173.28108
 172.89102
 157.94286
 121.87500
  79.75000
 177.49254
 173.57362
 173.52486
 173.23232
 173.18356
 172.75000
 172.75000
 173.03729
 172.98854
 172.93977
 161.12500
 158.00000
 158.00000
 123.00000
  79.91666
 177.44232
 174.07803
 161.00000
 159.50000
 158.25000
 158.12500
 158.06250
 158.00000
 123.50000
  80.08334
 177.39211
 174.12825
 123.55357
  80.25000
 177.34189
 174.17847
 123.60714
  80.25000
 177.29169
 174.22867
 123.66071
  80.25000
 177.24147
 174.27888
 123.71429
  80.00000
  80.50000
 177.19125
 174.37932
 174.32910
 123.76786
  80.50000
 177.14104
 174.42952
 123.82143
  81.75000
 177.09084
 177.04062
 174.47974
 123.87500
  83.25000
 176.99040
 174.52995
 123.92857
  83.35714
 176.94019
 174.58017
 123.98214
  83.46429
 176.88998
 176.83977
 176.78955
 174.63039
 124.03571
  83.57143
 176.73933
 175.98615
 175.93593
 175.88571
 174.68059
 174.77420
 124.08929
  83.67857
 176.68912
 176.63892
 176.58870
 176.13678
 176.08656
 176.03635
 175.83549
 174.78102
 174.73080
 174.91801
 124.14286
  83.78571
 176.53848
 176.23720
 176.18700
 175.78528
 174.83124
 175.06183
 124.19643
  83.89286
 176.48827
 176.43806
 176.38785
 176.33763
 176.28741
 175.73508
 174.88144
 175.20566
 123.00000
  84.00000
 177.00000
 175.68486
 174.93166
 175.34947
 124.00000
  84.05000
 177.00000
 175.63464
 174.98187
 175.49329
 125.25000
  84.10000
 177.00000
 175.58443
 175.03209
 175.63710
 126.00000
  84.15000
 177.00000
 175.53423
 175.08231
 175.78091
 190.75000
 189.25000
 189.50000
 187.87500
 186.25000
 184.62500
 131.86539
 131.80769
 131.75000
 131.50000
 131.25000
 129.50000
 127.75000
  84.20000
 177.50000
 177.00000
 175.48401
 175.13251
 175.92473
 183.00000
 180.00000
 178.50000
 176.00000
 131.92308
  84.25000
 178.00000
 178.00000
 175.43379
 175.38358
 175.33336
 175.28316
 175.23294
 175.18272
 176.06856
 172.50000
 169.50000
 170.50000
 131.98077
  84.30000
 178.00000
 176.21237
 169.75000
 164.75000
 160.25000
 156.50000
 153.75000
 150.75000
 132.03847
  84.35000
 178.00000
 176.35619
 147.50000
 146.37500
 132.09616
  84.40000
 178.10001
 178.00000
 176.50000
 145.25000
 144.50000
 144.36111
 143.80556
 143.66667
 142.75000
 132.15384
  84.45000
 178.20000
 178.14999
 176.75000
 144.22223
 144.08333
 143.94444
 143.52777
 143.38889
 141.75000
 140.25000
 139.50000
 139.41667
 139.33333
 139.25000
 139.16667
 139.25000
 139.00000
 139.00000
 132.21153
  84.50000
 178.25000
 177.00000
 138.90625
 132.26923
  84.50000
  84.75000
 178.30000
 177.00000
 138.71875
 133.50000
 133.13461
 134.25000
 133.01923
 132.96153
 132.90384
 132.32692
  84.82143
 178.35001
 177.00000
 139.25000
 138.62500
 133.33333
 135.75000
 132.84616
 132.78847
 132.38461
  84.89286
 179.00000
 179.00000
 177.00000
 138.53125
 138.43750
 135.00000
 132.73077
 132.44231
  84.96429
 179.16667
 177.00000
 138.34375
 133.58333
 132.67308
 132.50000
  85.03571
 179.00000
 179.25000
 179.25000
 179.00000
 179.38889
 179.33333
 179.27777
 179.22223
 177.00000
 138.25000
 133.66667
 132.61539
 132.55769
  85.10714
 179.50000
 179.44444
 177.00000
 137.83334
 137.41667
 136.33333
 135.16667
 133.75000
 136.75000
  85.17857
 179.64285
 177.00000
 135.25000
 135.08333
 135.00000
 133.83333
 141.00000
  85.25000
 179.78572
 179.71428
 177.75000
 135.75000
 134.91667
 134.83333
 134.75000
 133.91667
 142.12500
  86.00000
 179.85715
 178.25000
 137.75000
 134.66667
 134.08333
 134.00000
 142.56250
  86.75000
 179.92857
 180.00000
 180.00000
 179.75000
 179.50000
 179.00000
 139.50000
 134.58333
 134.25000
 134.16667
 143.00000
  87.00000
 180.00000
 180.25000
 180.25000
 180.16667
 141.75000
 134.50000
 134.41667
 134.33333
 143.00000
  87.25000
 180.00000
 180.75000
 142.50000
 144.00000
  87.75000
 180.50000
 181.25000
 144.00000
 144.00000
  88.00000
 181.00000
 181.75000
 146.50000
 144.00000
 100.29166
 100.08334
  88.25000
 181.00000
 182.25000
 147.50000
 147.00000
 144.25000
 100.50000
  99.50000
  88.50000
 181.60001
 181.50000
 181.25000
 181.08333
 182.25000
 148.50000
 144.25000
  99.50000
  90.00000
 197.00000
 181.64999
 181.16667
 182.25000
 149.50000
 145.00000
  99.25000
  92.50000
  91.25000
  90.75000
  90.50000
  90.42857
  90.35714
  90.28571
  90.21429
  90.14286
  90.07143
 197.00000
 181.70000
 181.25000
 182.25000
 150.50000
 145.50000
  98.25000
  93.25000
  93.25000
  93.00000
  92.75000
 197.00000
 181.75000
 181.33333
 182.50000
 153.00000
 145.75000
  96.25000
  96.25000
  95.75000
  95.25000
  94.25000
  94.00000
 196.75000
 181.75000
 181.41667
 181.50000
 182.75000
 152.75000
 146.00000
  94.75000
  94.50000
 196.25000
 182.00000
 181.58333
 181.66667
 183.50000
 153.62500
 147.00000
 196.00000
 195.61429
 182.00000
 182.00000
 182.00000
 182.00000
 182.00000
 182.00000
 182.00000
 182.00000
 181.75000
 181.83333
 181.91667
 182.00000
 182.25000
 183.75000
 160.26315
 160.21053
 154.75000
 154.25000
 148.25000
 195.74286
 195.67857
 195.55000
 182.00000
 182.38461
 184.00000
 160.31580
 160.15790
 156.75000
 155.25000
 155.00000
 155.00000
 155.25000
 155.00000
 154.50000
 149.50000
 195.80714
 195.10001
 182.50000
 182.25000
 182.51923
 184.00000
 160.36842
 160.10527
 160.05263
 159.00000
 195.87143
 194.20000
 183.25000
 183.00000
 183.00000
 182.65384
 184.00000
 160.42105
 195.93571
 193.75000
 183.75000
 182.78847
 184.00000
 160.47368
 196.00000
 192.00000
 184.25000
 184.00000
 184.00000
 184.00000
 184.00000
 182.92308
 184.00000
 160.52632
 196.37500
 190.50000
 184.75000
 184.50000
 183.05769
 184.00000
 160.73685
 160.68420
 160.63158
 160.57895
 196.75000
 190.50000
 190.25000
 184.83333
 183.19231
 184.00000
 160.78947
 197.00000
 189.75000
 189.50000
 189.25000
 188.75000
 186.50000
 186.00000
 185.75000
 185.50000
 185.25000
 185.00000
 184.91667
 183.32692
 184.00000
 164.50000
 164.00000
 163.75000
 163.50000
 163.25000
 162.75000
 162.50000
 162.00000
 161.75000
 160.84210
 197.75000
 187.75000
 186.85001
 183.86539
 183.73077
 183.59616
 183.46153
 184.25000
 165.00000
 165.00000
 160.89473
 197.91667
 197.83333
 187.25000
 187.05000
 186.95000
 184.00000
 184.25000
 166.00000
 165.25000
 160.94737
 198.00000
 187.25000
 187.00000
 184.50000
 184.75000
 168.50000
 168.00000
 161.00000
 198.90741
 198.41667
 184.62500
 186.25000
 168.75000
 168.50000
 168.33333
 168.16667
 161.05263
 199.12962
 199.05556
 198.98148
 198.83333
 184.75000
 187.50000
 170.00000
 169.25000
 161.10527
 199.20370
 184.87500
 188.00000
 175.50000
 174.50000
 174.00000
 174.00000
 174.00000
 174.00000
 173.50000
 172.50000
 161.15790
 185.00000
 188.75000
 161.21053
 185.00000
 189.25000
 161.26315
 185.25000
 189.50000
 161.31580
 185.50000
 189.50000
 161.36842
 185.75000
 190.00000
 161.42105
 186.00000
 191.00000
 161.47368
 186.00000
 192.75000
 161.52632
 186.09375
 192.87500
 191.50000
 161.57895
 186.18750
 193.25000
 193.00000
 161.63158
 186.28125
 193.93750
 161.68420
 186.37500
 194.62500
 161.73685
 186.46875
 195.31250
 161.78947
 186.56250
 196.00000
 175.50000
 161.84210
 186.65625
 196.68750
 176.50000
 176.00000
 175.66667
 175.50000
 175.00000
 161.89473
 186.75000
 187.00000
 197.37500
 180.25000
 178.75000
 177.75000
 174.66667
 174.33333
 174.00000
 172.75000
 161.94737
 186.75000
 187.00000
 187.00000
 187.00000
 198.06250
 182.75000
 182.25000
 181.00000
 181.00000
 171.75000
 162.00000
 187.80000
 187.00000
 187.00000
 198.75000
 183.25000
 170.75000
 162.25000
 187.95000
 187.64999
 187.50000
 187.00000
 187.00000
 187.00000
 199.75000
 199.25000
 198.75000
 169.75000
 162.75000
 188.10001
 187.50000
 187.75000
 188.75000
 188.87500
 199.50000
 169.00000
 168.75000
 162.75000
 188.25000
 189.00000
 200.25000
 168.25000
 163.00000
 188.37500
 189.12500
 200.50000
 167.50000
 167.00000
 166.75000
 166.25000
 166.00000
 163.12500
 163.06250
 188.50000
 189.25000
 200.75000
 167.37500
 167.25000
 166.00000
 163.25000
 163.18750
 188.50000
 189.25000
 201.25000
 165.50000
 164.50000
 163.75000
 163.75000
 188.75000
 189.25000
 189.50000
 164.25000
 189.00000
 189.50000
 164.55000
 189.05000
 189.75000
 189.50000
 164.60001
 189.10001
 189.75000
 189.50000
 164.64999
 189.25000
 189.20000
 189.14999
 189.50000
 190.25000
 164.70000
 190.25000
 190.00000
 190.00000
 190.00000
 189.75000
 191.75000
 164.75000
 190.00000
 192.25000
 165.00000
 192.25000
 165.25000
 192.25000
 165.25000
 192.25000
 165.30357
 192.33333
 165.35715
 192.41667
 165.41072
 192.50000
 165.46428
 192.58333
 165.51785
 192.66667
 165.57143
 192.75000
 165.62500
 193.00000
 165.67857
 193.50000
 165.73215
 193.87500
 165.78572
 194.25000
 165.83928
 194.30000
 165.89285
 194.35001
 194.25000
 165.94643
 194.39999
 194.50000
 194.68750
 166.00000
 194.87500
 166.05556
 195.06250
 166.11111
 195.25000
 195.25000
 167.75000
 167.50000
 167.50000
 167.50000
 167.43750
 167.37500
 167.31250
 167.06250
 166.16667
 197.25000
 168.80000
 168.45000
 168.10001
 167.25000
 167.18750
 167.12500
 166.22223
 198.75000
 166.27777
 199.25000
 166.33333
 199.50000
 202.25000
 203.50000
 203.58333
 203.66667
 166.38889
 199.75000
 200.00000
 200.50000
 201.00000
 203.75000
 203.00000
 203.00000
 166.44444
 203.75000
 166.50000
 203.93750
 166.55556
 204.00000
 166.61111
 166.66667
 166.72223
 166.77777
 166.83333
 166.88889
 166.94444
 167.00000
 167.05556
 193.25000
 191.75000
 191.50000
 189.25000
 186.75000
 167.11111
 185.50000
 167.16667
 184.75000
 167.22223
 184.00000
 167.27777
 184.00000
 167.33333
 183.75000
 167.38889
 182.75000
 167.44444
 182.25000
 167.50000
 181.75000
 168.00000
 181.00000
 168.11539
 180.50000
 168.23077
 180.50000
 168.34616
 180.50000
 168.46153
 180.00000
 168.57692
 179.62500
 168.69231
 185.50000
 185.25000
 185.00000
 185.00000
 179.25000
 168.80769
 185.00000
 178.75000
 168.85577
 184.25000
 178.25000
 168.90384
 183.75000
 178.00000
 169.50000
 169.00000
 168.95192
 183.50000
 177.50000
 169.62500
 169.26923
 182.75000
 177.50000
 169.75000
 169.38461
 181.25000
 177.00000
 170.60715
 170.55357
 170.50000
 169.87500
 169.50000
 180.00000
 176.25000
 170.66072
 170.50000
 170.00000
 170.00000
 169.75000
 179.75000
 179.50000
 175.75000
 170.71428
 170.00000
 178.75000
 178.75000
 175.25000
 170.76785
 170.50000
 178.66667
 178.00000
 174.75000
 170.82143
 170.50000
 178.58333
 177.25000
 177.00000
 176.50000
 175.75000
 174.25000
 170.87500
 171.25000
 175.25000
 175.00000
 174.50000
 174.00000
 170.92857
 172.00000
 173.95039
 170.98215
 172.00000
 173.90079
 171.03572
 172.25000
 173.85120
 171.08928
 172.75000
 173.80159
 171.14285
 173.00000
 173.75198
 171.19643
 173.00000
 173.70238
 171.25000
 173.50000
 184.75000
 184.00000
 183.25000
 173.65277
 173.60318
 171.30357
 174.00000
 187.00000
 182.75000
 181.75000
 173.55357
 173.50397
 171.46428
 171.41072
 171.35715
 174.07143
 193.50000
 182.00000
 175.12500
 174.50000
 173.75000
 173.75000
 173.45436
 171.51785
 174.14285
 197.43750
 197.25000
 181.62500
 181.25000
 175.50000
 175.50000
 174.75000
 173.66667
 173.58333
 173.50000
 173.40477
 171.57143
 174.21428
 197.62500
 180.75000
 175.62500
 173.50000
 173.43750
 173.35516
 171.62500
 174.28572
 197.81250
 180.00000
 175.75000
 173.37500
 173.31250
 173.25000
 171.67857
 174.35715
 198.00000
 179.50000
 175.87500
 173.25000
 173.06250
 173.00000
 173.00000
 171.73215
 174.42857
 198.00000
 178.75000
 176.00000
 173.18750
 173.12500
 173.00000
 171.78572
 174.50000
 198.00000
 178.50000
 176.12500
 172.75000
 172.50000
 171.83928
 174.75000
 198.00000
 178.30000
 178.10001
 177.89999
 176.25000
 172.25000
 172.00000
 171.94643
 171.89285
 175.00000
 198.50000
 177.70000
 176.50000
 176.37500
 175.00000
 199.25000
 198.50000
 177.50000
 176.62500
 175.00000
 200.50000
 177.00000
 176.75000
 175.00000
 203.25000
 177.00000
 177.00000
 176.87500
 175.00000
 204.50000
 177.25000
 175.00000
 207.50000
 203.25000
 178.83333
 178.66667
 178.50000
 177.75000
 175.25000
 205.75000
 205.00000
 205.00000
 205.00000
 204.75000
 179.50000
 179.00000
 178.50000
 175.75000
 182.00000
 180.75000
 178.62500
 176.25000
 182.50000
 182.25000
 178.75000
 176.75000
 183.50000
 183.00000
 178.87500
 177.25000
 184.75000
 179.00000
 177.75000
 186.00000
 179.00000
 179.75000
 178.00000
 192.25000
 191.00000
 190.00000
 188.75000
 187.25000
 180.50000
 178.50000
 194.75000
 180.75000
 181.00000
 178.81250
 199.25000
 181.00000
 178.87500
 204.50000
 181.00000
 178.93750
 206.43750
 181.25000
 179.00000
 206.62500
 182.00000
 206.81250
 182.25000
 207.00000
 183.25000
 183.75000
 183.87500
 184.00000
 184.00000
 184.00000
 184.00000
 184.00000
 184.25000
 184.75000
 185.00000
