-7.957397296948e-02
-5.436177013786e-02
-4.307221670970e-02
-3.632091337945e-02
-3.170897422808e-02
-2.830449865217e-02
-2.565971764977e-02
-2.352957853079e-02
-2.176688441673e-02
-2.027734273114e-02
-1.899739979272e-02
-1.788240491047e-02
-1.690001607893e-02
-1.602606357596e-02
-1.524215878491e-02
-1.453397543954e-02
-1.389017630451e-02
-1.330170860364e-02
-1.276114022932e-02
-1.226240773924e-02
-1.180044913874e-02
-1.137103921124e-02
-1.097058107198e-02
-1.059599955576e-02
-1.024472258747e-02
-9.914423510921e-03
-9.603153964793e-03
-9.309214910482e-03
-9.031050675564e-03
-8.767341497042e-03
-8.516918079144e-03
-8.278716266040e-03
-8.051808941180e-03
-7.835347113353e-03
-7.628577984277e-03
-7.430818233811e-03
-7.241449931103e-03
-7.059912863525e-03
-6.885699213343e-03
-6.718344831531e-03
-6.557427843979e-03
-6.402556868901e-03
-6.253377721066e-03
-6.109562187554e-03
-5.970806538348e-03
-5.836830610623e-03
-5.707376667223e-03
-5.582206480752e-03
-5.461098855404e-03
-5.343847607183e-03
-5.230260834501e-03
-5.120159711296e-03
-5.013377330513e-03
-4.909757714473e-03
-4.797843168385e-03
-4.698616839934e-03
-4.608440349404e-03
-4.517812706437e-03
-4.428948360135e-03
-4.342192747868e-03
-4.257566115969e-03
-4.175042925768e-03
-4.094573712377e-03
-4.016095950063e-03
-3.939539158937e-03
-3.864837499474e-03
-3.791926774783e-03
-3.720743113571e-03
-3.640013730918e-03
-3.570321816168e-03
-3.508834085970e-03
-3.445665787511e-03
-3.360942280183e-03
-3.295846756893e-03
-3.234223339474e-03
-3.165595895436e-03
-3.112660801862e-03
-3.063964831911e-03
-3.012122734881e-03
-2.960141358766e-03
-2.908580002210e-03
-2.857685588296e-03
-2.807558216164e-03
-2.758242311532e-03
-2.709758714068e-03
-2.662110807422e-03
-2.615293891750e-03
-2.569298262059e-03
-2.524112613598e-03
-2.479721222486e-03
-2.436108209945e-03
-2.382290826331e-03
-2.337920011003e-03
-2.301490439636e-03
-2.262541683692e-03
-2.223552330850e-03
-2.184920828102e-03
-2.146769941501e-03
-2.109155759012e-03
-2.072097843740e-03
-2.035604033238e-03
-1.999672756387e-03
-1.964298188129e-03
-1.929473534307e-03
-1.895189863648e-03
-1.861437267730e-03
-1.828205546189e-03
-1.773933813088e-03
-1.639597340091e-03
-1.572953665147e-03
-1.574238598060e-03
-1.568406609659e-03
-1.556793314359e-03
-1.526920438694e-03
-1.502166532611e-03
-1.483798491617e-03
-1.461364734691e-03
-1.437798594842e-03
-1.413715228958e-03
-1.389405933644e-03
-1.365024906103e-03
-1.340672009076e-03
-1.316412677635e-03
-1.292293285011e-03
-1.268345175753e-03
-1.244585625894e-03
-1.221045414043e-03
-1.187182285518e-03
-1.140036125870e-03
-1.021653362844e-03
-9.098684771710e-04
-8.326155708340e-04
-7.981350815978e-04
-8.172806944687e-04
-8.204495157181e-04
-8.125156607597e-04
-8.171861092624e-04
-8.185285470967e-04
-8.121471168370e-04
-8.025709704590e-04
-7.910840122730e-04
-7.783479330366e-04
-7.647515053012e-04
-7.401965126708e-04
-7.222115293035e-04
-7.124419639964e-04
-6.990159509904e-04
-6.846903040817e-04
-6.699161409954e-04
-6.549030229665e-04
-6.397529599109e-04
-6.245281899998e-04
-6.092727886163e-04
-5.940180159672e-04
-5.787870951435e-04
-5.635978638787e-04
-5.484659364641e-04
-5.334035550073e-04
-5.184193525896e-04
-5.035207949581e-04
-4.887147724909e-04
-4.740066186898e-04
-4.594004558117e-04
-4.448999588111e-04
-4.305081420419e-04
-4.162271924076e-04
-4.020590381929e-04
-3.880053941156e-04
-3.740673763576e-04
-3.602457691467e-04
-3.465413382003e-04
-3.329545700419e-04
-3.194856281397e-04
-3.061346300488e-04
-2.929015894931e-04
-2.797862984943e-04
-2.667884773621e-04
-2.539078005037e-04
-2.411438116285e-04
-2.284959913953e-04
-2.159637832428e-04
-2.035465539917e-04
-1.912436402478e-04
-1.790543415771e-04
-1.669778970520e-04
-1.550135528802e-04
-1.431605302549e-04
-1.314179802362e-04
-1.197850874182e-04
-1.082610413165e-04
-9.684493824609e-05
-7.579187335169e-05
-6.033707849049e-05
-5.463151144213e-05
-4.539994748582e-05
-3.554576484941e-05
-2.542412183726e-05
-1.522628349249e-05
-5.023435511190e-06
5.158051395339e-06
1.529403315531e-05
2.537090894517e-05
3.538008524890e-05
4.531627765763e-05
5.517555843334e-05
6.495530434857e-05
7.465361447630e-05
8.426948951258e-05
9.380185539918e-05
1.032504199804e-04
1.126148592626e-04
1.218950779642e-04
1.310912007034e-04
1.402032012752e-04
1.492317508112e-04
1.581765258271e-04
1.670385241588e-04
1.758176179995e-04
1.845146646475e-04
1.931298771834e-04
2.016639274191e-04
2.101170773249e-04
2.184899893067e-04
2.267831828080e-04
2.349970473190e-04
2.431325365934e-04
2.511894759162e-04
2.591691903748e-04
2.670714797083e-04
2.748973608816e-04
2.826472640762e-04
2.903216494927e-04
2.979211019343e-04
3.054461354177e-04
3.128972716232e-04
3.202750299051e-04
3.275799254425e-04
3.348124690818e-04
3.419731671428e-04
3.490625213006e-04
3.560810284524e-04
3.630291806353e-04
3.699074649745e-04
3.767163636467e-04
3.834563538487e-04
3.901279077889e-04
3.967314926901e-04
4.032675708054e-04
4.097365994488e-04
4.161390310265e-04
4.224753130746e-04
4.287458883124e-04
4.349511946915e-04
4.410916654518e-04
4.471677291880e-04
4.531798099078e-04
4.591283270990e-04
4.650136958058e-04
4.708363266894e-04
4.765966261019e-04
4.822949961705e-04
4.879318348543e-04
4.935075360240e-04
4.990224895507e-04
5.044770813559e-04
5.098716934971e-04
5.152067042559e-04
5.204824881806e-04
5.256994161826e-04
5.308578556097e-04
5.359581702913e-04
5.410007206398e-04
5.459858637124e-04
5.509139532497e-04
5.557853397905e-04
5.606003707165e-04
5.653593902850e-04
5.700627397580e-04
5.747107574254e-04
5.793037786384e-04
5.838421359473e-04
5.883261590977e-04
5.927561750838e-04
5.971325082752e-04
6.014554803867e-04
6.057254105678e-04
6.099426155059e-04
6.141074093708e-04
6.182201039378e-04
6.222810086805e-04
6.262904306720e-04
6.302486747703e-04
6.426842686176e-04
6.526641046654e-04
6.507000582441e-04
6.525612801469e-04
6.552313873898e-04
6.581903565439e-04
6.612999102911e-04
6.644741319209e-04
6.676774555075e-04
6.708874503219e-04
6.740894009424e-04
6.772744980920e-04
6.804362998601e-04
6.835704039184e-04
6.866726911121e-04
6.897412385414e-04
6.927746186730e-04
6.957713353304e-04
6.987299757043e-04
7.016499694461e-04
7.045308182479e-04
7.073720525982e-04
7.101731453858e-04
7.129339111828e-04
7.156542780099e-04
7.183339169013e-04
7.209735963743e-04
7.235706302717e-04
7.261311454482e-04
7.286428136976e-04
7.311264050004e-04
7.335595855678e-04
7.359250703784e-04
7.383246104119e-04
7.406285736370e-04
7.428944662162e-04
7.451329779395e-04
7.473269810353e-04
7.494963875962e-04
7.515936953095e-04
7.537002807521e-04
7.556864542944e-04
7.577345146386e-04
7.596611338203e-04
7.616182358940e-04
7.634904419727e-04
7.653302519234e-04
7.671533702252e-04
7.688953062925e-04
7.706574638500e-04
7.723436753401e-04
7.739949404118e-04
7.756335825409e-04
7.771898822202e-04
7.787668178625e-04
7.802708040805e-04
7.817369958039e-04
7.831960436338e-04
7.845720062621e-04
7.859687754659e-04
7.872956116800e-04
7.885818781198e-04
7.898662817265e-04
7.910670477880e-04
7.922886410320e-04
7.934434194650e-04
7.945549293628e-04
7.956696329506e-04
7.967003263094e-04
7.977517124310e-04
7.987394950767e-04
7.996813862311e-04
8.006312949479e-04
8.014969974113e-04
8.023831013168e-04
8.032088955345e-04
8.039862541383e-04
8.047762153348e-04
8.054819483394e-04
8.061995134693e-04
8.144466907540e-04
8.680834846866e-04
9.070595432930e-04
8.700160019100e-04
8.576217101894e-04
8.511038070432e-04
8.467939981242e-04
8.438169034518e-04
8.415913893843e-04
8.398660122697e-04
8.384854975711e-04
8.447978419419e-04
8.514641073127e-04
8.446534925829e-04
8.493692614342e-04
8.553178244817e-04
8.480239910451e-04
8.450231333274e-04
8.430341222290e-04
8.415594744500e-04
8.403464384826e-04
8.393001346374e-04
8.383837293018e-04
8.375510591389e-04
8.514287207638e-04
8.662024984635e-04
8.535543036149e-04
8.488590091987e-04
8.460856948621e-04
8.440195777469e-04
8.423624953505e-04
8.409576738720e-04
8.397075705410e-04
8.385682845496e-04
8.375075131729e-04
8.365024583235e-04
8.355393280025e-04
8.346070073833e-04
8.336966832292e-04
8.328018412781e-04
8.319175071558e-04
8.310395252619e-04
8.301645832565e-04
8.292899239829e-04
8.284133822041e-04
8.275329451046e-04
8.266469025252e-04
8.257543564402e-04
8.248533610170e-04
8.239433006479e-04
8.230243497271e-04
8.220926231007e-04
8.211510202017e-04
8.201991511308e-04
8.192277924759e-04
8.182535909524e-04
8.172635921393e-04
8.162427257484e-04
8.152492544204e-04
8.141997566907e-04
8.131171161988e-04
8.121483480909e-04
8.109462542112e-04
8.098638705040e-04
8.090355120802e-04
8.076430924072e-04
8.066013661224e-04
8.054517584838e-04
8.040957557218e-04
8.032483558990e-04
8.017698405144e-04
8.006790507582e-04
7.992640866272e-04
7.980799693940e-04
7.968809118040e-04
7.955833586424e-04
7.943451093557e-04
7.929801881129e-04
7.917110699038e-04
7.902603384339e-04
7.890873498865e-04
8.010046541791e-04
8.168602320842e-04
8.032603408859e-04
7.977137502029e-04
7.941049931067e-04
7.911825516371e-04
8.019379046052e-04
8.567524991524e-04
9.343521216965e-04
1.036320922100e-03
1.184508498185e-03
1.221423906905e-03
1.171140093530e-03
1.127630006184e-03
1.139528270507e-03
1.177999924163e-03
1.225054221455e-03
1.215233408744e-03
1.177605833750e-03
1.169259107484e-03
1.212640253306e-03
1.228240909498e-03
1.170599741852e-03
1.126337559349e-03
1.117051652067e-03
1.124773514997e-03
1.137459865282e-03
1.156465892722e-03
1.198091396120e-03
1.223017067529e-03
1.206282613035e-03
1.166491742857e-03
1.128568967212e-03
1.110166070368e-03
1.083055474576e-03
1.063543478071e-03
1.053764492549e-03
1.055247518019e-03
1.045836148949e-03
1.026319016193e-03
1.012678209214e-03
1.001235358485e-03
9.910120856174e-04
9.816350573219e-04
9.729357421464e-04
9.647751857224e-04
9.570650536317e-04
9.497402124627e-04
9.427502534890e-04
9.360543116000e-04
9.296199475200e-04
9.295821913203e-04
9.329092428961e-04
9.209410610067e-04
9.132220043686e-04
9.066210784604e-04
9.005628541091e-04
8.948456363673e-04
8.893896399827e-04
8.841248829693e-04
8.790236793042e-04
8.740632654197e-04
8.692276968578e-04
8.645040198339e-04
8.598811984838e-04
8.553514214863e-04
8.808129604302e-04
1.019669576692e-03
1.155103095085e-03
1.136163293476e-03
1.214716884934e-03
1.184084362254e-03
1.120938295360e-03
1.066646219642e-03
1.033900536046e-03
1.009928219871e-03
9.907590901826e-04
9.747775646481e-04
9.609473838416e-04
9.487324577537e-04
9.377296942136e-04
9.277080187059e-04
9.184649442724e-04
9.098744645471e-04
9.018288163730e-04
8.942344768986e-04
8.870841090462e-04
8.801996391889e-04
8.736429482977e-04
8.673683481698e-04
8.613132275542e-04
8.555732377469e-04
8.497362444367e-04
8.447514790481e-04
8.380127285988e-04
8.341772012815e-04
8.291294936974e-04
8.243788413603e-04
8.189862492020e-04
8.148339985669e-04
8.094835937002e-04
8.051568936625e-04
8.012082506796e-04
8.024837084969e-04
8.194365604601e-04
8.514711768026e-04
8.897345161299e-04
8.968007863882e-04
8.826815938092e-04
8.532650321898e-04
8.426981565124e-04
8.412867668000e-04
8.312707338863e-04
8.312604625773e-04
8.168887805324e-04
8.129824294417e-04
8.264613708672e-04
8.557548356145e-04
9.030559915232e-04
9.290213197049e-04
9.231002223161e-04
9.344821887116e-04
9.005762144411e-04
8.770926452042e-04
8.802079519086e-04
8.917527245621e-04
8.973742135091e-04
9.171692170957e-04
9.831775749453e-04
1.039901674466e-03
1.013790325457e-03
9.657032416766e-04
9.339502473449e-04
9.366578743897e-04
9.597612323197e-04
9.663147784274e-04
9.641614896944e-04
9.666048177526e-04
9.432922629012e-04
9.305952274157e-04
9.164623083280e-04
9.039982062898e-04
9.146159575163e-04
9.000728911806e-04
8.784975405441e-04
8.641902023918e-04
8.526986980839e-04
8.478698528827e-04
8.597664401822e-04
8.717668425992e-04
8.653150348654e-04
8.570263868429e-04
8.388841816217e-04
8.270613760485e-04
8.177190026761e-04
8.095560898955e-04
8.021715079225e-04
8.004422647437e-04
8.048101864258e-04
7.927505076575e-04
7.847872555034e-04
7.782514974399e-04
7.723708926823e-04
7.668994874450e-04
7.617178061834e-04
7.567849166993e-04
7.520645607458e-04
7.475219697206e-04
7.431353979304e-04
7.388899671622e-04
7.347728773239e-04
7.307737231997e-04
7.268828688026e-04
7.230928342323e-04
7.193968098033e-04
7.157889909957e-04
7.122641405914e-04
7.088177841265e-04
7.054458702909e-04
7.021446510722e-04
6.989104443701e-04
6.957404049655e-04
6.926322393030e-04
6.895828957555e-04
6.865889290155e-04
6.836494734912e-04
6.807637197937e-04
6.779278983683e-04
6.751377467023e-04
6.723956708822e-04
6.791142815744e-04
7.174310293372e-04
7.608727817726e-04
7.716860446430e-04
7.614475586557e-04
7.335747948019e-04
7.187661088645e-04
7.088117976515e-04
7.056256330974e-04
7.102893654634e-04
6.985488663843e-04
6.911854354943e-04
6.854712777593e-04
6.805559941410e-04
6.806998897316e-04
6.878238302497e-04
6.779265870833e-04
6.720190206131e-04
6.674523948756e-04
6.634881859622e-04
6.598556734597e-04
6.564656909154e-04
6.532691091659e-04
6.502280528726e-04
6.473159558972e-04
6.445146502558e-04
6.418102825863e-04
6.391917070637e-04
6.366501045569e-04
6.341783416498e-04
6.317705580826e-04
6.294216986949e-04
6.271275011352e-04
6.248843177589e-04
6.270973332639e-04
6.363278185006e-04
6.281677701920e-04
6.237006326671e-04
6.204815695468e-04
6.177464021438e-04
6.152433668292e-04
6.128998441156e-04
6.106814766156e-04
6.085527749205e-04
6.064942874793e-04
6.044976735041e-04
6.025541198787e-04
6.006569653477e-04
5.988011624407e-04
5.969834503945e-04
5.952010327859e-04
5.934513509149e-04
5.917322265068e-04
5.900418528631e-04
5.883787393188e-04
5.867415701580e-04
5.851291207947e-04
5.835403305189e-04
5.819742512924e-04
5.804300112103e-04
5.789068324381e-04
5.774039857073e-04
5.759207397499e-04
5.744565039014e-04
5.730107711729e-04
5.715828879685e-04
5.701722478093e-04
5.687785431271e-04
5.674014965301e-04
5.660402476056e-04
5.646941227006e-04
5.633637269569e-04
5.620487169561e-04
5.607468367773e-04
5.594586178043e-04
5.581866096698e-04
5.569276943077e-04
5.556780081807e-04
5.544429887804e-04
5.532265345680e-04
5.520187046213e-04
5.508108361607e-04
5.496265665736e-04
5.484730119701e-04
5.472990534965e-04
5.461157631074e-04
5.450096157995e-04
5.439184469076e-04
5.427234563012e-04
5.415793660150e-04
5.406145174907e-04
5.395599736106e-04
5.383309081315e-04
5.372826571383e-04
5.362928494581e-04
5.351885658543e-04
5.340771780797e-04
5.331463623984e-04
5.321437001643e-04
5.310259190524e-04
5.300640063909e-04
5.291191886222e-04
5.280025733014e-04
5.270814564922e-04
5.261073752467e-04
5.250600844693e-04
5.241868238091e-04
5.231967700207e-04
5.222218857756e-04
5.213303393790e-04
5.203565196836e-04
5.194280056645e-04
5.185282760182e-04
5.175853919482e-04
5.166899261216e-04
5.158173227586e-04
5.148323030798e-04
5.139865154871e-04
5.131226185782e-04
5.121935303107e-04
5.113349122562e-04
5.104861106680e-04
5.095818906233e-04
5.087482090409e-04
5.078710638277e-04
5.069886044262e-04
5.062322857297e-04
5.053191372249e-04
5.045048283749e-04
5.036718058558e-04
5.028459440310e-04
5.020169700341e-04
5.011972571281e-04
5.003861557838e-04
4.995661192510e-04
4.987645565091e-04
4.979615885439e-04
4.971565483532e-04
4.963619612225e-04
4.955647877941e-04
4.947673308539e-04
4.939958082376e-04
4.931950738118e-04
4.924261245708e-04
4.916494703160e-04
4.908648687437e-04
4.900906287539e-04
4.893289115128e-04
4.885590139462e-04
4.877894208986e-04
4.870319989948e-04
4.862731263928e-04
4.855103772091e-04
4.847561951198e-04
4.840054489520e-04
4.832489162218e-04
4.825021229315e-04
4.817536597883e-04
4.810078074440e-04
4.802630723353e-04
4.795200697485e-04
4.787783346347e-04
4.780382960836e-04
4.772993821813e-04
4.765616633619e-04
4.758251502768e-04
4.750896755634e-04
4.743551837020e-04
4.736215945755e-04
4.728888296128e-04
4.721568111833e-04
4.714254621959e-04
4.706947061867e-04
4.699644673252e-04
4.692346704191e-04
4.685052409204e-04
4.677761049318e-04
4.670471892125e-04
4.663184211848e-04
4.655897289408e-04
4.648610412493e-04
4.641322875624e-04
4.634033980229e-04
4.626743034708e-04
4.619449354513e-04
4.612152262211e-04
4.604851087565e-04
4.597545167600e-04
4.590233846677e-04
4.582916476566e-04
4.575592416523e-04
4.568261033352e-04
4.560921701482e-04
4.553573803034e-04
4.546216727896e-04
4.538849873785e-04
4.531472646315e-04
4.524084459064e-04
4.516684733640e-04
4.509272899744e-04
4.501848395221e-04
4.494410666133e-04
4.486959166817e-04
4.479493359923e-04
4.472012716485e-04
4.464516715970e-04
4.457004846322e-04
4.449476604008e-04
4.441931494069e-04
4.434369030164e-04
4.426788734595e-04
4.419190138363e-04
4.411572781193e-04
4.403936211560e-04
4.396279986733e-04
4.388603672793e-04
4.380906844651e-04
4.373189086079e-04
4.365449989723e-04
4.357689157120e-04
4.349906198701e-04
4.342100733813e-04
4.334272390719e-04
4.326420806593e-04
4.318545627529e-04
4.310646508537e-04
4.302723113530e-04
4.294775115314e-04
4.286802195583e-04
4.278804044898e-04
4.270780362656e-04
4.262730857085e-04
4.254655245210e-04
4.246553252816e-04
4.238424614426e-04
4.230269073262e-04
4.222086381202e-04
4.213876298737e-04
4.205638594933e-04
4.197373047374e-04
4.189079442109e-04
4.180757573602e-04
4.172407244678e-04
4.164028266442e-04
4.155620458231e-04
4.147183647545e-04
4.138717669970e-04
4.155838905756e-04
4.304885188091e-04
4.374240858947e-04
4.308633198319e-04
4.393103001440e-04
4.308498800245e-04
4.334250260655e-04
4.827149640439e-04
5.377626492739e-04
5.449688599642e-04
5.358267944106e-04
5.061525873586e-04
4.894225842670e-04
4.788973178969e-04
4.709652539083e-04
4.647451164093e-04
4.595536358852e-04
4.550622104748e-04
4.511290491777e-04
4.476222762856e-04
4.444336072390e-04
4.415018106264e-04
4.387826546400e-04
4.362361911528e-04
4.338418011647e-04
4.315720372245e-04
4.294051153515e-04
4.273299568465e-04
4.253405838251e-04
4.234322605964e-04
4.215668829360e-04
4.197559549951e-04
4.180244487002e-04
4.162849764347e-04
4.146164257013e-04
4.132206349814e-04
4.116558231029e-04
4.098401851393e-04
4.081851120785e-04
4.065416793584e-04
4.050645378587e-04
4.039910925485e-04
4.025029119500e-04
4.001934533230e-04
3.991061975086e-04
3.984475719333e-04
3.975017341791e-04
3.953344209858e-04
3.934311124571e-04
3.928411843717e-04
3.918255413777e-04
3.901336771551e-04
3.881321134605e-04
3.874877030751e-04
3.864984846739e-04
3.855846825125e-04
3.842073328105e-04
3.819008227500e-04
3.806976651817e-04
3.801824338364e-04
3.788250737610e-04
3.769130872301e-04
3.759128742841e-04
3.759432912267e-04
3.736575776990e-04
3.720103905171e-04
3.703375095316e-04
3.693925701270e-04
3.691347741851e-04
3.661876132645e-04
3.659723103936e-04
3.650866048497e-04
3.636863697677e-04
3.624257965648e-04
3.612701448044e-04
3.600875123041e-04
3.588761325964e-04
3.576503007919e-04
3.564758121192e-04
3.552539522150e-04
3.540871258767e-04
3.528503852309e-04
3.517037524052e-04
3.504560745489e-04
3.493270943179e-04
3.480638618572e-04
3.469555916531e-04
3.456751717398e-04
3.445889876290e-04
3.432884678506e-04
3.422265893236e-04
3.409033379226e-04
3.398679653021e-04
3.385190520259e-04
3.375126573403e-04
3.361350643596e-04
3.351602915387e-04
3.337508365927e-04
3.328105279633e-04
3.313658981803e-04
3.304630763832e-04
3.289798258956e-04
3.281176848918e-04
3.265922517566e-04
3.257741398151e-04
3.242028625868e-04
3.234322607110e-04
3.218114029660e-04
3.210918970354e-04
3.194176782261e-04
3.187529237064e-04
3.170215581983e-04
3.164152364019e-04
3.146229817648e-04
3.140787462451e-04
3.122219621218e-04
3.117433737480e-04
3.098185928823e-04
3.094090419828e-04
3.074130550509e-04
3.070676478310e-04
3.051848051827e-04
3.040939230556e-04
3.034864483737e-04
3.015768373970e-04
3.007505599541e-04
2.997046748824e-04
2.981349215428e-04
2.973903222983e-04
2.958891714394e-04
2.946214148989e-04
2.939435828153e-04
2.921775977640e-04
2.911744994293e-04
2.903604269052e-04
2.885818934299e-04
2.876295129054e-04
2.865054619420e-04
2.853462300834e-04
2.841188369347e-04
2.829748051676e-04
2.817671593722e-04
2.806088401771e-04
2.794095136172e-04
2.782529515840e-04
2.770716259141e-04
2.758825564362e-04
2.747249932798e-04
2.735397093441e-04
2.723716760525e-04
2.712091724762e-04
2.700282556441e-04
2.688689112063e-04
2.677025643874e-04
2.665271446372e-04
2.653780178163e-04
2.642114803756e-04
2.630493660601e-04
2.618935598560e-04
2.607354639287e-04
2.595852139190e-04
2.584321337528e-04
2.572821498156e-04
2.561387059263e-04
2.549901455987e-04
2.552916468064e-04
2.738375894220e-04
3.240860440043e-04
3.028821977656e-04
3.092610720088e-04
3.686108302193e-04
3.515052212487e-04
3.264822205978e-04
3.122749115779e-04
3.032411004097e-04
2.965724415126e-04
2.966403114760e-04
3.631492820277e-04
5.170628154532e-04
6.842499370112e-04
6.671624290438e-04
7.245502266396e-04
7.869263805667e-04
7.635739359737e-04
7.244974149914e-04
6.744464259078e-04
6.150848490021e-04
5.751798096030e-04
5.467695458159e-04
5.243995253328e-04
5.058962310052e-04
4.901345385302e-04
4.764434100989e-04
4.643556599126e-04
4.535442955939e-04
4.437686859691e-04
4.348514209987e-04
4.266555387796e-04
4.190793436755e-04
4.120395114359e-04
4.054634358204e-04
3.992908411215e-04
3.934750285486e-04
3.879806782881e-04
3.827724609158e-04
3.778227401429e-04
3.731017699172e-04
3.686026747127e-04
3.642782859000e-04
3.637024513536e-04
4.019309886853e-04
3.853785149566e-04
3.721591841724e-04
3.644647856972e-04
3.583999158620e-04
3.533452666288e-04
3.488053363809e-04
3.446339538145e-04
3.407838399550e-04
3.371661389850e-04
3.337342031817e-04
3.304657817551e-04
3.273394405639e-04
3.243382113500e-04
3.214497078264e-04
3.186639658379e-04
3.159728490849e-04
3.133687924971e-04
3.108457024463e-04
3.094632455692e-04
3.233148622343e-04
3.450924542467e-04
3.315439617408e-04
3.214013842130e-04
3.156359941516e-04
3.112151648955e-04
3.075312361289e-04
3.043396530901e-04
3.014390525923e-04
2.987556607240e-04
2.962501324080e-04
2.938878369363e-04
2.916430093333e-04
2.894978235726e-04
2.874403398182e-04
2.854601039964e-04
2.835496982610e-04
2.817031839831e-04
2.799125025984e-04
2.781787211034e-04
2.764913974800e-04
2.748507505367e-04
2.732604515735e-04
2.716947018938e-04
2.701876536167e-04
2.687032322987e-04
2.672633820957e-04
2.658670982777e-04
2.644709120431e-04
2.632114751181e-04
2.616626684933e-04
2.605986037889e-04
2.588568906826e-04
2.576719581376e-04
2.568686709387e-04
2.550578802690e-04
2.546743733003e-04
2.530107344595e-04
2.530571442669e-04
2.506153761104e-04
2.501404930399e-04
2.489932459216e-04
2.479577383609e-04
2.469419988067e-04
2.459447256051e-04
2.449652786525e-04
2.440031661237e-04
2.430579584822e-04
2.421291658389e-04
2.412163219195e-04
2.403189885444e-04
2.394367715042e-04
2.385692543797e-04
2.377160495162e-04
2.368767849154e-04
2.360510989736e-04
2.352386425326e-04
2.344390774801e-04
2.336520781771e-04
2.328773287117e-04
2.321145235070e-04
2.313633668054e-04
2.306235721300e-04
2.298948619064e-04
2.291769671345e-04
2.284696270773e-04
2.277725888749e-04
2.270856072782e-04
2.264084443592e-04
2.257408692376e-04
2.250826578156e-04
2.244335925367e-04
2.237934621536e-04
2.231620615010e-04
2.225391912825e-04
2.219246578653e-04
2.213182730872e-04
2.207198540670e-04
2.201292230246e-04
2.195462071083e-04
2.189706382280e-04
2.184023528951e-04
2.178411920676e-04
2.172870010027e-04
2.167396291120e-04
2.161989298234e-04
2.163016387545e-04
2.304204331668e-04
2.407228215985e-04
2.335351202251e-04
2.280448414078e-04
2.252116597954e-04
2.231948878374e-04
2.228562326769e-04
2.496255164187e-04
2.421497795006e-04
2.341327530924e-04
2.303233032399e-04
2.277128716262e-04
2.256936299833e-04
2.240496237081e-04
2.226335567539e-04
2.213850477302e-04
2.202611874037e-04
2.192315727109e-04
2.182786742520e-04
2.173884693358e-04
2.171121888155e-04
2.302847928989e-04
2.265517652222e-04
2.222676383007e-04
2.201021169002e-04
2.185265231008e-04
2.172801310149e-04
2.161912008687e-04
2.152252999961e-04
2.143498119492e-04
2.135361412592e-04
2.127730323350e-04
2.120504766888e-04
2.113636137050e-04
2.107061368953e-04
2.100727894520e-04
2.094606996810e-04
2.088700179830e-04
2.082978880726e-04
2.077421676256e-04
2.090541848646e-04
2.666542106668e-04
3.250802243563e-04
3.101975870855e-04
2.830538566334e-04
2.678817444650e-04
2.589816431987e-04
2.527623755288e-04
2.479635453864e-04
2.441017941621e-04
2.408855634023e-04
2.381336156425e-04
2.357462694138e-04
2.336398862327e-04
2.317428611850e-04
2.300170171478e-04
2.284398726447e-04
2.269889562166e-04
2.256382533745e-04
2.243726792735e-04
2.231871224946e-04
2.220740105282e-04
2.210180725962e-04
2.203883092356e-04
2.336484086523e-04
2.440887194418e-04
2.370549632824e-04
2.310272802934e-04
2.285422816152e-04
2.539015967967e-04
2.471409775090e-04
2.382219084377e-04
2.338977053847e-04
2.308387258716e-04
2.284849210412e-04
2.265568555274e-04
2.252263848696e-04
2.375307681769e-04
2.338420247537e-04
2.289213028057e-04
2.263022173408e-04
2.243327327335e-04
2.227242639404e-04
2.213435935483e-04
2.201062807264e-04
2.189788240476e-04
2.179368976723e-04
2.169648486195e-04
2.160501697941e-04
2.151838542229e-04
2.143602285417e-04
2.144284751396e-04
2.554948805235e-04
2.757565879228e-04
2.595022599231e-04
2.465727400581e-04
2.401109291394e-04
2.358477530642e-04
2.326460605413e-04
2.300271908094e-04
2.278552429039e-04
2.259984339119e-04
2.243568504890e-04
2.228851394237e-04
2.215482910774e-04
2.203243563703e-04
2.191912852661e-04
2.181352042418e-04
2.171443966596e-04
2.162099665826e-04
2.153246739999e-04
2.144833008156e-04
2.136810721928e-04
2.129123898811e-04
2.121744981062e-04
2.114674416794e-04
2.107835777079e-04
2.101203146889e-04
2.094894638681e-04
2.088796840758e-04
2.082606374228e-04
2.076766687111e-04
2.071542070240e-04
2.065329816607e-04
2.059550311667e-04
2.056671448407e-04
2.050991972428e-04
2.043702785278e-04
2.041611605205e-04
2.033321459427e-04
2.029915525222e-04
2.029075155335e-04
2.020879281840e-04
2.013507700656e-04
2.016559854342e-04
2.008546139752e-04
2.004059457386e-04
2.003211070999e-04
1.996948990227e-04
1.989700944646e-04
1.993501386581e-04
1.983458733501e-04
1.977731566262e-04
1.979730046213e-04
1.974837144154e-04
1.971250504123e-04
1.967779346725e-04
1.964520557436e-04
1.960801240668e-04
1.957879628113e-04
1.954583204739e-04
1.951264712068e-04
1.948077818451e-04
1.945213841515e-04
1.942155182354e-04
1.939007528188e-04
1.936031786026e-04
1.933233845096e-04
1.930241625677e-04
1.927203464282e-04
1.924594335652e-04
1.922084515135e-04
1.919221147656e-04
1.915925369091e-04
1.913564758794e-04
1.911658394809e-04
1.908731669935e-04
1.904943500135e-04
1.902631961447e-04
1.902279151960e-04
1.898998267234e-04
1.894001969239e-04
1.891354053737e-04
1.894075113914e-04
1.891422937288e-04
1.881689175334e-04
1.879992880696e-04
1.883083027031e-04
1.880611774146e-04
1.875471698025e-04
1.873130567713e-04
1.874420705282e-04
1.871466089825e-04
1.865851938175e-04
1.865082279027e-04
1.864333033193e-04
1.992599840226e-04
1.983414958114e-04
1.939608701051e-04
1.922925005409e-04
2.302860492005e-04
2.273581529739e-04
2.140949049465e-04
2.087754677494e-04
2.055935134347e-04
2.031843219870e-04
2.013287158410e-04
1.998862325754e-04
1.986721703101e-04
1.976059368919e-04
1.966571825871e-04
1.958165023014e-04
1.950574741648e-04
1.943630178743e-04
1.937202361761e-04
1.931217784954e-04
1.925606226376e-04
1.920312323672e-04
1.915293212653e-04
1.910516501102e-04
1.905954549964e-04
1.901575356063e-04
1.897349409104e-04
1.893285151441e-04
1.889384613723e-04
1.885535846557e-04
1.881737816123e-04
1.878269394126e-04
1.874874678931e-04
1.871106999768e-04
1.867819043491e-04
1.864714262571e-04
1.861187428231e-04
1.857849932164e-04
1.855230209932e-04
1.852015095848e-04
1.848167310480e-04
1.845849161861e-04
1.969696987263e-04
2.471611934467e-04
2.804698986494e-04
2.990722633892e-04
3.162080818681e-04
2.937519815507e-04
2.695432890290e-04
2.574451719882e-04
2.491451827574e-04
2.429725654818e-04
2.381324999831e-04
2.341006837192e-04
2.306900828992e-04
2.277679309965e-04
2.252011614041e-04
2.229107761827e-04
2.208492612983e-04
2.189719246212e-04
2.172541418083e-04
2.156701611837e-04
2.141936342634e-04
2.128117702154e-04
2.115232235150e-04
2.721125834935e-04
2.854041946104e-04
2.625673829645e-04
2.488284915195e-04
2.414089164539e-04
2.362636568198e-04
