0.000000000000e+00
3.597540983607e+03
7.195081967213e+03
1.079262295082e+04
1.439016393443e+04
1.798770491803e+04
2.158524590164e+04
2.518278688525e+04
2.878032786885e+04
3.237786885246e+04
3.597540983607e+04
3.957295081967e+04
4.317049180328e+04
4.676803278689e+04
5.036557377049e+04
5.396311475410e+04
5.756065573770e+04
6.115819672131e+04
6.475573770492e+04
6.835327868852e+04
7.195081967213e+04
7.554836065574e+04
7.914590163934e+04
8.274344262295e+04
8.634098360656e+04
8.993852459016e+04
9.353606557377e+04
9.713360655738e+04
1.007311475410e+05
1.043286885246e+05
1.079262295082e+05
1.115237704918e+05
1.151213114754e+05
1.187188524590e+05
1.223163934426e+05
1.259139344262e+05
1.295114754098e+05
1.331090163934e+05
1.367065573770e+05
1.403040983607e+05
1.439016393443e+05
1.474991803279e+05
1.510967213115e+05
1.546942622951e+05
1.582918032787e+05
1.618893442623e+05
1.654868852459e+05
1.690844262295e+05
1.726819672131e+05
1.762795081967e+05
1.798770491803e+05
1.834745901639e+05
1.870721311475e+05
1.906696721311e+05
1.942672131148e+05
1.978647540984e+05
2.014622950820e+05
2.050598360656e+05
2.086573770492e+05
2.122549180328e+05
2.158524590164e+05
2.194500000000e+05
2.230475409836e+05
2.266450819672e+05
2.302426229508e+05
2.338401639344e+05
2.374377049180e+05
2.410352459016e+05
2.446327868852e+05
2.482303278689e+05
2.518278688525e+05
2.554254098361e+05
2.590229508197e+05
2.626204918033e+05
2.662180327869e+05
2.698155737705e+05
2.734131147541e+05
2.770106557377e+05
2.806081967213e+05
2.842057377049e+05
2.878032786885e+05
2.914008196721e+05
2.949983606557e+05
2.985959016393e+05
3.021934426230e+05
3.057909836066e+05
3.093885245902e+05
3.129860655738e+05
3.165836065574e+05
3.201811475410e+05
3.237786885246e+05
3.273762295082e+05
3.309737704918e+05
3.345713114754e+05
3.381688524590e+05
3.417663934426e+05
3.453639344262e+05
3.489614754098e+05
3.525590163934e+05
3.561565573770e+05
3.597540983607e+05
3.633516393443e+05
3.669491803279e+05
3.705467213115e+05
3.741442622951e+05
3.777418032787e+05
3.813393442623e+05
3.849368852459e+05
3.885344262295e+05
3.921319672131e+05
3.957295081967e+05
3.993270491803e+05
4.029245901639e+05
4.065221311475e+05
4.101196721311e+05
4.137172131148e+05
4.173147540984e+05
4.209122950820e+05
4.245098360656e+05
4.281073770492e+05
4.317049180328e+05
4.353024590164e+05
4.389000000000e+05
4.424975409836e+05
4.460950819672e+05
4.496926229508e+05
4.532901639344e+05
4.568877049180e+05
4.604852459016e+05
4.640827868852e+05
4.676803278689e+05
4.712778688525e+05
4.748754098361e+05
4.784729508197e+05
4.820704918033e+05
4.856680327869e+05
4.892655737705e+05
4.928631147541e+05
4.964606557377e+05
5.000581967213e+05
5.036557377049e+05
5.072532786885e+05
5.108508196721e+05
5.144483606557e+05
5.180459016393e+05
5.216434426230e+05
5.252409836066e+05
5.288385245902e+05
5.324360655738e+05
5.360336065574e+05
5.396311475410e+05
5.432286885246e+05
5.468262295082e+05
5.504237704918e+05
5.540213114754e+05
5.576188524590e+05
5.612163934426e+05
5.648139344262e+05
5.684114754098e+05
5.720090163934e+05
5.756065573770e+05
5.792040983607e+05
5.828016393443e+05
5.863991803279e+05
5.899967213115e+05
5.935942622951e+05
5.971918032787e+05
6.007893442623e+05
6.043868852459e+05
6.079844262295e+05
6.115819672131e+05
6.151795081967e+05
6.187770491803e+05
6.223745901639e+05
6.259721311475e+05
6.295696721311e+05
6.331672131148e+05
6.367647540984e+05
6.403622950820e+05
6.439598360656e+05
6.475573770492e+05
6.511549180328e+05
6.547524590164e+05
6.583500000000e+05
6.619475409836e+05
6.655450819672e+05
6.691426229508e+05
6.727401639344e+05
6.763377049180e+05
6.799352459016e+05
6.835327868852e+05
6.871303278689e+05
6.907278688525e+05
6.943254098361e+05
6.979229508197e+05
7.015204918033e+05
7.051180327869e+05
7.087155737705e+05
7.123131147541e+05
7.159106557377e+05
7.195081967213e+05
7.231057377049e+05
7.267032786885e+05
7.303008196721e+05
7.338983606557e+05
7.374959016393e+05
7.410934426230e+05
7.446909836066e+05
7.482885245902e+05
7.518860655738e+05
7.554836065574e+05
7.590811475410e+05
7.626786885246e+05
7.662762295082e+05
7.698737704918e+05
7.734713114754e+05
7.770688524590e+05
7.806663934426e+05
7.842639344262e+05
7.878614754098e+05
7.914590163934e+05
7.950565573770e+05
7.986540983607e+05
8.022516393443e+05
8.058491803279e+05
8.094467213115e+05
8.130442622951e+05
8.166418032787e+05
8.202393442623e+05
8.238368852459e+05
8.274344262295e+05
8.310319672131e+05
8.346295081967e+05
8.382270491803e+05
8.418245901639e+05
8.454221311475e+05
8.490196721311e+05
8.526172131148e+05
8.562147540984e+05
8.598122950820e+05
8.634098360656e+05
8.670073770492e+05
8.706049180328e+05
8.742024590164e+05
8.778000000000e+05
8.813975409836e+05
8.849950819672e+05
8.885926229508e+05
8.921901639344e+05
8.957877049180e+05
8.993852459016e+05
9.029827868852e+05
9.065803278689e+05
9.101778688525e+05
9.137754098361e+05
9.173729508197e+05
9.209704918033e+05
9.245680327869e+05
9.281655737705e+05
9.317631147541e+05
9.353606557377e+05
9.389581967213e+05
9.425557377049e+05
9.461532786885e+05
9.497508196721e+05
9.533483606557e+05
9.569459016393e+05
9.605434426230e+05
9.641409836066e+05
9.677385245902e+05
9.713360655738e+05
9.749336065574e+05
9.785311475410e+05
9.821286885246e+05
9.857262295082e+05
9.893237704918e+05
9.929213114754e+05
9.965188524590e+05
1.000116393443e+06
1.003713934426e+06
1.007311475410e+06
1.010909016393e+06
1.014506557377e+06
1.018104098361e+06
1.021701639344e+06
1.025299180328e+06
1.028896721311e+06
1.032494262295e+06
1.036091803279e+06
1.039689344262e+06
1.043286885246e+06
1.046884426230e+06
1.050481967213e+06
1.054079508197e+06
1.057677049180e+06
1.061274590164e+06
1.064872131148e+06
1.068469672131e+06
1.072067213115e+06
1.075664754098e+06
1.079262295082e+06
1.082859836066e+06
1.086457377049e+06
1.090054918033e+06
1.093652459016e+06
1.097250000000e+06
1.100847540984e+06
1.104445081967e+06
1.108042622951e+06
1.111640163934e+06
1.115237704918e+06
1.118835245902e+06
1.122432786885e+06
1.126030327869e+06
1.129627868852e+06
1.133225409836e+06
1.136822950820e+06
1.140420491803e+06
1.144018032787e+06
1.147615573770e+06
1.151213114754e+06
1.154810655738e+06
1.158408196721e+06
1.162005737705e+06
1.165603278689e+06
1.169200819672e+06
1.172798360656e+06
1.176395901639e+06
1.179993442623e+06
1.183590983607e+06
1.187188524590e+06
1.190786065574e+06
1.194383606557e+06
1.197981147541e+06
1.201578688525e+06
1.205176229508e+06
1.208773770492e+06
1.212371311475e+06
1.215968852459e+06
1.219566393443e+06
1.223163934426e+06
1.226761475410e+06
1.230359016393e+06
1.233956557377e+06
1.237554098361e+06
1.241151639344e+06
1.244749180328e+06
1.248346721311e+06
1.251944262295e+06
1.255541803279e+06
1.259139344262e+06
1.262736885246e+06
1.266334426230e+06
1.269931967213e+06
1.273529508197e+06
1.277127049180e+06
1.280724590164e+06
1.284322131148e+06
1.287919672131e+06
1.291517213115e+06
1.295114754098e+06
1.298712295082e+06
1.302309836066e+06
1.305907377049e+06
1.309504918033e+06
1.313102459016e+06
1.316700000000e+06
1.320297540984e+06
1.323895081967e+06
1.327492622951e+06
1.331090163934e+06
1.334687704918e+06
1.338285245902e+06
1.341882786885e+06
1.345480327869e+06
1.349077868852e+06
1.352675409836e+06
1.356272950820e+06
1.359870491803e+06
1.363468032787e+06
1.367065573770e+06
1.370663114754e+06
1.374260655738e+06
1.377858196721e+06
1.381455737705e+06
1.385053278689e+06
1.388650819672e+06
1.392248360656e+06
1.395845901639e+06
1.399443442623e+06
1.403040983607e+06
1.406638524590e+06
1.410236065574e+06
1.413833606557e+06
1.417431147541e+06
1.421028688525e+06
1.424626229508e+06
1.428223770492e+06
1.431821311475e+06
1.435418852459e+06
1.439016393443e+06
1.442613934426e+06
1.446211475410e+06
1.449809016393e+06
1.453406557377e+06
1.457004098361e+06
1.460601639344e+06
1.464199180328e+06
1.467796721311e+06
1.471394262295e+06
1.474991803279e+06
1.478589344262e+06
1.482186885246e+06
1.485784426230e+06
1.489381967213e+06
1.492979508197e+06
1.496577049180e+06
1.500174590164e+06
1.503772131148e+06
1.507369672131e+06
1.510967213115e+06
1.514564754098e+06
1.518162295082e+06
1.521759836066e+06
1.525357377049e+06
1.528954918033e+06
1.532552459016e+06
1.536150000000e+06
1.539747540984e+06
1.543345081967e+06
1.546942622951e+06
1.550540163934e+06
1.554137704918e+06
1.557735245902e+06
1.561332786885e+06
1.564930327869e+06
1.568527868852e+06
1.572125409836e+06
1.575722950820e+06
1.579320491803e+06
1.582918032787e+06
1.586515573770e+06
1.590113114754e+06
1.593710655738e+06
1.597308196721e+06
1.600905737705e+06
1.604503278689e+06
1.608100819672e+06
1.611698360656e+06
1.615295901639e+06
1.618893442623e+06
1.622490983607e+06
1.626088524590e+06
1.629686065574e+06
1.633283606557e+06
1.636881147541e+06
1.640478688525e+06
1.644076229508e+06
1.647673770492e+06
1.651271311475e+06
1.654868852459e+06
1.658466393443e+06
1.662063934426e+06
1.665661475410e+06
1.669259016393e+06
1.672856557377e+06
1.676454098361e+06
1.680051639344e+06
1.683649180328e+06
1.687246721311e+06
1.690844262295e+06
1.694441803279e+06
1.698039344262e+06
1.701636885246e+06
1.705234426230e+06
1.708831967213e+06
1.712429508197e+06
1.716027049180e+06
1.719624590164e+06
1.723222131148e+06
1.726819672131e+06
1.730417213115e+06
1.734014754098e+06
1.737612295082e+06
1.741209836066e+06
1.744807377049e+06
1.748404918033e+06
1.752002459016e+06
1.755600000000e+06
1.759197540984e+06
1.762795081967e+06
1.766392622951e+06
1.769990163934e+06
1.773587704918e+06
1.777185245902e+06
1.780782786885e+06
1.784380327869e+06
1.787977868852e+06
1.791575409836e+06
1.795172950820e+06
1.798770491803e+06
1.802368032787e+06
1.805965573770e+06
1.809563114754e+06
1.813160655738e+06
1.816758196721e+06
1.820355737705e+06
1.823953278689e+06
1.827550819672e+06
1.831148360656e+06
1.834745901639e+06
1.838343442623e+06
1.841940983607e+06
1.845538524590e+06
1.849136065574e+06
1.852733606557e+06
1.856331147541e+06
1.859928688525e+06
1.863526229508e+06
1.867123770492e+06
1.870721311475e+06
1.874318852459e+06
1.877916393443e+06
1.881513934426e+06
1.885111475410e+06
1.888709016393e+06
1.892306557377e+06
1.895904098361e+06
1.899501639344e+06
1.903099180328e+06
1.906696721311e+06
1.910294262295e+06
1.913891803279e+06
1.917489344262e+06
1.921086885246e+06
1.924684426230e+06
1.928281967213e+06
1.931879508197e+06
1.935477049180e+06
1.939074590164e+06
1.942672131148e+06
1.946269672131e+06
1.949867213115e+06
1.953464754098e+06
1.957062295082e+06
1.960659836066e+06
1.964257377049e+06
1.967854918033e+06
1.971452459016e+06
1.975050000000e+06
1.978647540984e+06
1.982245081967e+06
1.985842622951e+06
1.989440163934e+06
1.993037704918e+06
1.996635245902e+06
2.000232786885e+06
2.003830327869e+06
2.007427868852e+06
2.011025409836e+06
2.014622950820e+06
2.018220491803e+06
2.021818032787e+06
2.025415573770e+06
2.029013114754e+06
2.032610655738e+06
2.036208196721e+06
2.039805737705e+06
2.043403278689e+06
2.047000819672e+06
2.050598360656e+06
2.054195901639e+06
2.057793442623e+06
2.061390983607e+06
2.064988524590e+06
2.068586065574e+06
2.072183606557e+06
2.075781147541e+06
2.079378688525e+06
2.082976229508e+06
2.086573770492e+06
2.090171311475e+06
2.093768852459e+06
2.097366393443e+06
2.100963934426e+06
2.104561475410e+06
2.108159016393e+06
2.111756557377e+06
2.115354098361e+06
2.118951639344e+06
2.122549180328e+06
2.126146721311e+06
2.129744262295e+06
2.133341803279e+06
2.136939344262e+06
2.140536885246e+06
2.144134426230e+06
2.147731967213e+06
2.151329508197e+06
2.154927049180e+06
2.158524590164e+06
2.162122131148e+06
2.165719672131e+06
2.169317213115e+06
2.172914754098e+06
2.176512295082e+06
2.180109836066e+06
2.183707377049e+06
2.187304918033e+06
2.190902459016e+06
2.194500000000e+06
2.198097540984e+06
2.201695081967e+06
2.205292622951e+06
2.208890163934e+06
2.212487704918e+06
2.216085245902e+06
2.219682786885e+06
2.223280327869e+06
2.226877868852e+06
2.230475409836e+06
2.234072950820e+06
2.237670491803e+06
2.241268032787e+06
2.244865573770e+06
2.248463114754e+06
2.252060655738e+06
2.255658196721e+06
2.259255737705e+06
2.262853278689e+06
2.266450819672e+06
2.270048360656e+06
2.273645901639e+06
2.277243442623e+06
2.280840983607e+06
2.284438524590e+06
2.288036065574e+06
2.291633606557e+06
2.295231147541e+06
2.298828688525e+06
2.302426229508e+06
2.306023770492e+06
2.309621311475e+06
2.313218852459e+06
2.316816393443e+06
2.320413934426e+06
2.324011475410e+06
2.327609016393e+06
2.331206557377e+06
2.334804098361e+06
2.338401639344e+06
2.341999180328e+06
2.345596721311e+06
2.349194262295e+06
2.352791803279e+06
2.356389344262e+06
2.359986885246e+06
2.363584426230e+06
2.367181967213e+06
2.370779508197e+06
2.374377049180e+06
2.377974590164e+06
2.381572131148e+06
2.385169672131e+06
2.388767213115e+06
2.392364754098e+06
2.395962295082e+06
2.399559836066e+06
2.403157377049e+06
2.406754918033e+06
2.410352459016e+06
2.413950000000e+06
2.417547540984e+06
2.421145081967e+06
2.424742622951e+06
2.428340163934e+06
2.431937704918e+06
2.435535245902e+06
2.439132786885e+06
2.442730327869e+06
2.446327868852e+06
2.449925409836e+06
2.453522950820e+06
2.457120491803e+06
2.460718032787e+06
2.464315573770e+06
2.467913114754e+06
2.471510655738e+06
2.475108196721e+06
2.478705737705e+06
2.482303278689e+06
2.485900819672e+06
2.489498360656e+06
2.493095901639e+06
2.496693442623e+06
2.500290983607e+06
2.503888524590e+06
2.507486065574e+06
2.511083606557e+06
2.514681147541e+06
2.518278688525e+06
2.521876229508e+06
2.525473770492e+06
2.529071311475e+06
2.532668852459e+06
2.536266393443e+06
2.539863934426e+06
2.543461475410e+06
2.547059016393e+06
2.550656557377e+06
2.554254098361e+06
2.557851639344e+06
2.561449180328e+06
2.565046721311e+06
2.568644262295e+06
2.572241803279e+06
2.575839344262e+06
2.579436885246e+06
2.583034426230e+06
2.586631967213e+06
2.590229508197e+06
2.593827049180e+06
2.597424590164e+06
2.601022131148e+06
2.604619672131e+06
2.608217213115e+06
2.611814754098e+06
2.615412295082e+06
2.619009836066e+06
2.622607377049e+06
2.626204918033e+06
2.629802459016e+06
2.633400000000e+06
2.636997540984e+06
2.640595081967e+06
2.644192622951e+06
2.647790163934e+06
2.651387704918e+06
2.654985245902e+06
2.658582786885e+06
2.662180327869e+06
2.665777868852e+06
2.669375409836e+06
2.672972950820e+06
2.676570491803e+06
2.680168032787e+06
2.683765573770e+06
2.687363114754e+06
2.690960655738e+06
2.694558196721e+06
2.698155737705e+06
2.701753278689e+06
2.705350819672e+06
2.708948360656e+06
2.712545901639e+06
2.716143442623e+06
2.719740983607e+06
2.723338524590e+06
2.726936065574e+06
2.730533606557e+06
2.734131147541e+06
2.737728688525e+06
2.741326229508e+06
2.744923770492e+06
2.748521311475e+06
2.752118852459e+06
2.755716393443e+06
2.759313934426e+06
2.762911475410e+06
2.766509016393e+06
2.770106557377e+06
2.773704098361e+06
2.777301639344e+06
2.780899180328e+06
2.784496721311e+06
2.788094262295e+06
2.791691803279e+06
2.795289344262e+06
2.798886885246e+06
2.802484426230e+06
2.806081967213e+06
2.809679508197e+06
2.813277049180e+06
2.816874590164e+06
2.820472131148e+06
2.824069672131e+06
2.827667213115e+06
2.831264754098e+06
2.834862295082e+06
2.838459836066e+06
2.842057377049e+06
2.845654918033e+06
2.849252459016e+06
2.852850000000e+06
2.856447540984e+06
2.860045081967e+06
2.863642622951e+06
2.867240163934e+06
2.870837704918e+06
2.874435245902e+06
2.878032786885e+06
2.881630327869e+06
2.885227868852e+06
2.888825409836e+06
2.892422950820e+06
2.896020491803e+06
2.899618032787e+06
2.903215573770e+06
2.906813114754e+06
2.910410655738e+06
2.914008196721e+06
2.917605737705e+06
2.921203278689e+06
2.924800819672e+06
2.928398360656e+06
2.931995901639e+06
2.935593442623e+06
2.939190983607e+06
2.942788524590e+06
2.946386065574e+06
2.949983606557e+06
2.953581147541e+06
2.957178688525e+06
2.960776229508e+06
2.964373770492e+06
2.967971311475e+06
2.971568852459e+06
2.975166393443e+06
2.978763934426e+06
2.982361475410e+06
2.985959016393e+06
2.989556557377e+06
2.993154098361e+06
2.996751639344e+06
3.000349180328e+06
3.003946721311e+06
3.007544262295e+06
3.011141803279e+06
3.014739344262e+06
3.018336885246e+06
3.021934426230e+06
3.025531967213e+06
3.029129508197e+06
3.032727049180e+06
3.036324590164e+06
3.039922131148e+06
3.043519672131e+06
3.047117213115e+06
3.050714754098e+06
3.054312295082e+06
3.057909836066e+06
3.061507377049e+06
3.065104918033e+06
3.068702459016e+06
3.072300000000e+06
3.075897540984e+06
3.079495081967e+06
3.083092622951e+06
3.086690163934e+06
3.090287704918e+06
3.093885245902e+06
3.097482786885e+06
3.101080327869e+06
3.104677868852e+06
3.108275409836e+06
3.111872950820e+06
3.115470491803e+06
3.119068032787e+06
3.122665573770e+06
3.126263114754e+06
3.129860655738e+06
3.133458196721e+06
3.137055737705e+06
3.140653278689e+06
3.144250819672e+06
3.147848360656e+06
3.151445901639e+06
3.155043442623e+06
3.158640983607e+06
3.162238524590e+06
3.165836065574e+06
3.169433606557e+06
3.173031147541e+06
3.176628688525e+06
3.180226229508e+06
3.183823770492e+06
3.187421311475e+06
3.191018852459e+06
3.194616393443e+06
3.198213934426e+06
3.201811475410e+06
3.205409016393e+06
3.209006557377e+06
3.212604098361e+06
3.216201639344e+06
3.219799180328e+06
3.223396721311e+06
3.226994262295e+06
3.230591803279e+06
3.234189344262e+06
3.237786885246e+06
3.241384426230e+06
3.244981967213e+06
3.248579508197e+06
3.252177049180e+06
3.255774590164e+06
3.259372131148e+06
3.262969672131e+06
3.266567213115e+06
3.270164754098e+06
3.273762295082e+06
3.277359836066e+06
3.280957377049e+06
3.284554918033e+06
3.288152459016e+06
3.291750000000e+06
3.295347540984e+06
3.298945081967e+06
3.302542622951e+06
3.306140163934e+06
3.309737704918e+06
3.313335245902e+06
3.316932786885e+06
3.320530327869e+06
3.324127868852e+06
3.327725409836e+06
3.331322950820e+06
3.334920491803e+06
3.338518032787e+06
3.342115573770e+06
3.345713114754e+06
3.349310655738e+06
3.352908196721e+06
3.356505737705e+06
3.360103278689e+06
3.363700819672e+06
3.367298360656e+06
3.370895901639e+06
3.374493442623e+06
3.378090983607e+06
3.381688524590e+06
3.385286065574e+06
3.388883606557e+06
3.392481147541e+06
3.396078688525e+06
3.399676229508e+06
3.403273770492e+06
3.406871311475e+06
3.410468852459e+06
3.414066393443e+06
3.417663934426e+06
3.421261475410e+06
3.424859016393e+06
3.428456557377e+06
3.432054098361e+06
3.435651639344e+06
3.439249180328e+06
3.442846721311e+06
3.446444262295e+06
3.450041803279e+06
3.453639344262e+06
3.457236885246e+06
3.460834426230e+06
3.464431967213e+06
3.468029508197e+06
3.471627049180e+06
3.475224590164e+06
3.478822131148e+06
3.482419672131e+06
3.486017213115e+06
3.489614754098e+06
3.493212295082e+06
3.496809836066e+06
3.500407377049e+06
3.504004918033e+06
3.507602459016e+06
3.511200000000e+06
3.514797540984e+06
3.518395081967e+06
3.521992622951e+06
3.525590163934e+06
3.529187704918e+06
3.532785245902e+06
3.536382786885e+06
3.539980327869e+06
3.543577868852e+06
3.547175409836e+06
3.550772950820e+06
3.554370491803e+06
3.557968032787e+06
3.561565573770e+06
3.565163114754e+06
3.568760655738e+06
3.572358196721e+06
3.575955737705e+06
3.579553278689e+06
3.583150819672e+06
3.586748360656e+06
3.590345901639e+06
3.593943442623e+06
3.597540983607e+06
3.601138524590e+06
3.604736065574e+06
3.608333606557e+06
3.611931147541e+06
3.615528688525e+06
3.619126229508e+06
3.622723770492e+06
3.626321311475e+06
3.629918852459e+06
3.633516393443e+06
3.637113934426e+06
3.640711475410e+06
3.644309016393e+06
3.647906557377e+06
3.651504098361e+06
3.655101639344e+06
3.658699180328e+06
3.662296721311e+06
3.665894262295e+06
3.669491803279e+06
3.673089344262e+06
3.676686885246e+06
3.680284426230e+06
3.683881967213e+06
3.687479508197e+06
3.691077049180e+06
3.694674590164e+06
3.698272131148e+06
3.701869672131e+06
3.705467213115e+06
3.709064754098e+06
3.712662295082e+06
3.716259836066e+06
3.719857377049e+06
3.723454918033e+06
3.727052459016e+06
3.730650000000e+06
3.734247540984e+06
3.737845081967e+06
3.741442622951e+06
3.745040163934e+06
3.748637704918e+06
3.752235245902e+06
3.755832786885e+06
3.759430327869e+06
3.763027868852e+06
3.766625409836e+06
3.770222950820e+06
3.773820491803e+06
3.777418032787e+06
3.781015573770e+06
3.784613114754e+06
3.788210655738e+06
3.791808196721e+06
3.795405737705e+06
3.799003278689e+06
3.802600819672e+06
3.806198360656e+06
3.809795901639e+06
3.813393442623e+06
3.816990983607e+06
3.820588524590e+06
3.824186065574e+06
3.827783606557e+06
3.831381147541e+06
3.834978688525e+06
3.838576229508e+06
3.842173770492e+06
3.845771311475e+06
3.849368852459e+06
3.852966393443e+06
3.856563934426e+06
3.860161475410e+06
3.863759016393e+06
3.867356557377e+06
3.870954098361e+06
3.874551639344e+06
3.878149180328e+06
3.881746721311e+06
3.885344262295e+06
3.888941803279e+06
3.892539344262e+06
3.896136885246e+06
3.899734426230e+06
3.903331967213e+06
3.906929508197e+06
3.910527049180e+06
3.914124590164e+06
3.917722131148e+06
3.921319672131e+06
3.924917213115e+06
3.928514754098e+06
3.932112295082e+06
3.935709836066e+06
3.939307377049e+06
3.942904918033e+06
3.946502459016e+06
3.950100000000e+06
3.953697540984e+06
3.957295081967e+06
3.960892622951e+06
3.964490163934e+06
3.968087704918e+06
3.971685245902e+06
3.975282786885e+06
3.978880327869e+06
3.982477868852e+06
3.986075409836e+06
3.989672950820e+06
3.993270491803e+06
3.996868032787e+06
4.000465573770e+06
4.004063114754e+06
4.007660655738e+06
4.011258196721e+06
4.014855737705e+06
4.018453278689e+06
4.022050819672e+06
4.025648360656e+06
4.029245901639e+06
4.032843442623e+06
4.036440983607e+06
4.040038524590e+06
4.043636065574e+06
4.047233606557e+06
4.050831147541e+06
4.054428688525e+06
4.058026229508e+06
4.061623770492e+06
4.065221311475e+06
4.068818852459e+06
4.072416393443e+06
4.076013934426e+06
4.079611475410e+06
4.083209016393e+06
4.086806557377e+06
4.090404098361e+06
4.094001639344e+06
4.097599180328e+06
4.101196721311e+06
4.104794262295e+06
4.108391803279e+06
4.111989344262e+06
4.115586885246e+06
4.119184426230e+06
4.122781967213e+06
4.126379508197e+06
4.129977049180e+06
4.133574590164e+06
4.137172131148e+06
4.140769672131e+06
4.144367213115e+06
4.147964754098e+06
4.151562295082e+06
4.155159836066e+06
4.158757377049e+06
4.162354918033e+06
4.165952459016e+06
4.169550000000e+06
4.173147540984e+06
4.176745081967e+06
4.180342622951e+06
4.183940163934e+06
4.187537704918e+06
4.191135245902e+06
4.194732786885e+06
4.198330327869e+06
4.201927868852e+06
4.205525409836e+06
4.209122950820e+06
4.212720491803e+06
4.216318032787e+06
4.219915573770e+06
4.223513114754e+06
4.227110655738e+06
4.230708196721e+06
4.234305737705e+06
4.237903278689e+06
4.241500819672e+06
4.245098360656e+06
4.248695901639e+06
4.252293442623e+06
4.255890983607e+06
4.259488524590e+06
4.263086065574e+06
4.266683606557e+06
4.270281147541e+06
4.273878688525e+06
4.277476229508e+06
4.281073770492e+06
4.284671311475e+06
4.288268852459e+06
4.291866393443e+06
4.295463934426e+06
4.299061475410e+06
4.302659016393e+06
4.306256557377e+06
4.309854098361e+06
4.313451639344e+06
4.317049180328e+06
4.320646721311e+06
4.324244262295e+06
4.327841803279e+06
4.331439344262e+06
4.335036885246e+06
4.338634426230e+06
4.342231967213e+06
4.345829508197e+06
4.349427049180e+06
4.353024590164e+06
4.356622131148e+06
4.360219672131e+06
4.363817213115e+06
4.367414754098e+06
4.371012295082e+06
4.374609836066e+06
4.378207377049e+06
4.381804918033e+06
4.385402459016e+06
4.389000000000e+06
4.392597540984e+06
4.396195081967e+06
4.399792622951e+06
4.403390163934e+06
4.406987704918e+06
4.410585245902e+06
4.414182786885e+06
4.417780327869e+06
4.421377868852e+06
4.424975409836e+06
4.428572950820e+06
4.432170491803e+06
4.435768032787e+06
4.439365573770e+06
4.442963114754e+06
4.446560655738e+06
4.450158196721e+06
4.453755737705e+06
4.457353278689e+06
4.460950819672e+06
4.464548360656e+06
4.468145901639e+06
4.471743442623e+06
4.475340983607e+06
4.478938524590e+06
4.482536065574e+06
4.486133606557e+06
4.489731147541e+06
4.493328688525e+06
4.496926229508e+06
4.500523770492e+06
4.504121311475e+06
4.507718852459e+06
4.511316393443e+06
4.514913934426e+06
4.518511475410e+06
4.522109016393e+06
4.525706557377e+06
4.529304098361e+06
4.532901639344e+06
4.536499180328e+06
4.540096721311e+06
4.543694262295e+06
4.547291803279e+06
4.550889344262e+06
4.554486885246e+06
4.558084426230e+06
4.561681967213e+06
4.565279508197e+06
4.568877049180e+06
4.572474590164e+06
4.576072131148e+06
4.579669672131e+06
4.583267213115e+06
4.586864754098e+06
4.590462295082e+06
4.594059836066e+06
4.597657377049e+06
4.601254918033e+06
4.604852459016e+06
4.608450000000e+06
4.612047540984e+06
4.615645081967e+06
4.619242622951e+06
4.622840163934e+06
4.626437704918e+06
4.630035245902e+06
4.633632786885e+06
4.637230327869e+06
4.640827868852e+06
4.644425409836e+06
4.648022950820e+06
4.651620491803e+06
4.655218032787e+06
4.658815573770e+06
4.662413114754e+06
4.666010655738e+06
4.669608196721e+06
4.673205737705e+06
4.676803278689e+06
4.680400819672e+06
4.683998360656e+06
4.687595901639e+06
4.691193442623e+06
4.694790983607e+06
4.698388524590e+06
4.701986065574e+06
4.705583606557e+06
4.709181147541e+06
4.712778688525e+06
4.716376229508e+06
4.719973770492e+06
4.723571311475e+06
4.727168852459e+06
4.730766393443e+06
4.734363934426e+06
4.737961475410e+06
4.741559016393e+06
4.745156557377e+06
4.748754098361e+06
4.752351639344e+06
4.755949180328e+06
4.759546721311e+06
4.763144262295e+06
4.766741803279e+06
4.770339344262e+06
4.773936885246e+06
4.777534426230e+06
4.781131967213e+06
4.784729508197e+06
4.788327049180e+06
4.791924590164e+06
4.795522131148e+06
4.799119672131e+06
4.802717213115e+06
4.806314754098e+06
4.809912295082e+06
4.813509836066e+06
4.817107377049e+06
4.820704918033e+06
4.824302459016e+06
4.827900000000e+06
4.831497540984e+06
4.835095081967e+06
4.838692622951e+06
4.842290163934e+06
4.845887704918e+06
4.849485245902e+06
4.853082786885e+06
4.856680327869e+06
4.860277868852e+06
4.863875409836e+06
4.867472950820e+06
4.871070491803e+06
4.874668032787e+06
4.878265573770e+06
4.881863114754e+06
4.885460655738e+06
4.889058196721e+06
4.892655737705e+06
4.896253278689e+06
4.899850819672e+06
4.903448360656e+06
4.907045901639e+06
4.910643442623e+06
4.914240983607e+06
4.917838524590e+06
4.921436065574e+06
4.925033606557e+06
4.928631147541e+06
4.932228688525e+06
4.935826229508e+06
4.939423770492e+06
4.943021311475e+06
4.946618852459e+06
4.950216393443e+06
4.953813934426e+06
4.957411475410e+06
4.961009016393e+06
4.964606557377e+06
4.968204098361e+06
4.971801639344e+06
4.975399180328e+06
4.978996721311e+06
4.982594262295e+06
4.986191803279e+06
4.989789344262e+06
4.993386885246e+06
4.996984426230e+06
5.000581967213e+06
5.004179508197e+06
5.007777049180e+06
5.011374590164e+06
5.014972131148e+06
5.018569672131e+06
5.022167213115e+06
5.025764754098e+06
5.029362295082e+06
5.032959836066e+06
5.036557377049e+06
5.040154918033e+06
5.043752459016e+06
5.047350000000e+06
5.050947540984e+06
5.054545081967e+06
5.058142622951e+06
5.061740163934e+06
5.065337704918e+06
5.068935245902e+06
5.072532786885e+06
5.076130327869e+06
5.079727868852e+06
5.083325409836e+06
5.086922950820e+06
5.090520491803e+06
5.094118032787e+06
5.097715573770e+06
5.101313114754e+06
5.104910655738e+06
5.108508196721e+06
5.112105737705e+06
5.115703278689e+06
5.119300819672e+06
5.122898360656e+06
5.126495901639e+06
5.130093442623e+06
5.133690983607e+06
5.137288524590e+06
5.140886065574e+06
5.144483606557e+06
5.148081147541e+06
5.151678688525e+06
5.155276229508e+06
5.158873770492e+06
5.162471311475e+06
5.166068852459e+06
5.169666393443e+06
5.173263934426e+06
5.176861475410e+06
5.180459016393e+06
5.184056557377e+06
5.187654098361e+06
5.191251639344e+06
5.194849180328e+06
5.198446721311e+06
5.202044262295e+06
5.205641803279e+06
5.209239344262e+06
5.212836885246e+06
5.216434426230e+06
5.220031967213e+06
5.223629508197e+06
5.227227049180e+06
5.230824590164e+06
5.234422131148e+06
5.238019672131e+06
5.241617213115e+06
5.245214754098e+06
5.248812295082e+06
5.252409836066e+06
5.256007377049e+06
5.259604918033e+06
5.263202459016e+06
5.266800000000e+06
