0.000000000000e+00
3.600000000000e+03
7.200000000000e+03
1.080000000000e+04
1.440000000000e+04
1.800000000000e+04
2.160000000000e+04
2.520000000000e+04
2.880000000000e+04
3.240000000000e+04
3.600000000000e+04
3.960000000000e+04
4.320000000000e+04
4.680000000000e+04
5.040000000000e+04
5.400000000000e+04
5.760000000000e+04
6.120000000000e+04
6.480000000000e+04
6.840000000000e+04
7.200000000000e+04
7.560000000000e+04
7.920000000000e+04
8.280000000000e+04
8.640000000000e+04
9.000000000000e+04
9.360000000000e+04
9.720000000000e+04
1.008000000000e+05
1.044000000000e+05
1.080000000000e+05
1.116000000000e+05
1.152000000000e+05
1.188000000000e+05
1.224000000000e+05
1.260000000000e+05
1.296000000000e+05
1.332000000000e+05
1.368000000000e+05
1.404000000000e+05
1.440000000000e+05
1.476000000000e+05
1.512000000000e+05
1.548000000000e+05
1.584000000000e+05
1.620000000000e+05
1.656000000000e+05
1.692000000000e+05
1.728000000000e+05
1.764000000000e+05
1.800000000000e+05
1.836000000000e+05
1.872000000000e+05
1.908000000000e+05
1.944000000000e+05
1.980000000000e+05
2.016000000000e+05
2.052000000000e+05
2.088000000000e+05
2.124000000000e+05
2.160000000000e+05
2.196000000000e+05
2.232000000000e+05
2.268000000000e+05
2.304000000000e+05
2.340000000000e+05
2.376000000000e+05
2.412000000000e+05
2.448000000000e+05
2.484000000000e+05
2.520000000000e+05
2.556000000000e+05
2.592000000000e+05
2.628000000000e+05
2.664000000000e+05
2.700000000000e+05
2.736000000000e+05
2.772000000000e+05
2.808000000000e+05
2.844000000000e+05
2.880000000000e+05
2.916000000000e+05
2.952000000000e+05
2.988000000000e+05
3.024000000000e+05
3.060000000000e+05
3.096000000000e+05
3.132000000000e+05
3.168000000000e+05
3.204000000000e+05
3.240000000000e+05
3.276000000000e+05
3.312000000000e+05
3.348000000000e+05
3.384000000000e+05
3.420000000000e+05
3.456000000000e+05
3.492000000000e+05
3.528000000000e+05
3.564000000000e+05
3.600000000000e+05
3.636000000000e+05
3.672000000000e+05
3.708000000000e+05
3.744000000000e+05
3.780000000000e+05
3.816000000000e+05
3.852000000000e+05
3.888000000000e+05
3.924000000000e+05
3.960000000000e+05
3.996000000000e+05
4.032000000000e+05
4.068000000000e+05
4.104000000000e+05
4.140000000000e+05
4.176000000000e+05
4.212000000000e+05
4.248000000000e+05
4.284000000000e+05
4.320000000000e+05
4.356000000000e+05
4.392000000000e+05
4.428000000000e+05
4.464000000000e+05
4.500000000000e+05
4.536000000000e+05
4.572000000000e+05
4.608000000000e+05
4.644000000000e+05
4.680000000000e+05
4.716000000000e+05
4.752000000000e+05
4.788000000000e+05
4.824000000000e+05
4.860000000000e+05
4.896000000000e+05
4.932000000000e+05
4.968000000000e+05
5.004000000000e+05
5.040000000000e+05
5.076000000000e+05
5.112000000000e+05
5.148000000000e+05
5.184000000000e+05
5.220000000000e+05
5.256000000000e+05
5.292000000000e+05
5.328000000000e+05
5.364000000000e+05
5.400000000000e+05
5.436000000000e+05
5.472000000000e+05
5.508000000000e+05
5.544000000000e+05
5.580000000000e+05
5.616000000000e+05
5.652000000000e+05
5.688000000000e+05
5.724000000000e+05
5.760000000000e+05
5.796000000000e+05
5.832000000000e+05
5.868000000000e+05
5.904000000000e+05
5.940000000000e+05
5.976000000000e+05
6.012000000000e+05
6.048000000000e+05
6.084000000000e+05
6.120000000000e+05
6.156000000000e+05
6.192000000000e+05
6.228000000000e+05
6.264000000000e+05
6.300000000000e+05
6.336000000000e+05
6.372000000000e+05
6.408000000000e+05
6.444000000000e+05
6.480000000000e+05
6.516000000000e+05
6.552000000000e+05
6.588000000000e+05
6.624000000000e+05
6.660000000000e+05
6.696000000000e+05
6.732000000000e+05
6.768000000000e+05
6.804000000000e+05
6.840000000000e+05
6.876000000000e+05
6.912000000000e+05
6.948000000000e+05
6.984000000000e+05
7.020000000000e+05
7.056000000000e+05
7.092000000000e+05
7.128000000000e+05
7.164000000000e+05
7.200000000000e+05
7.236000000000e+05
7.272000000000e+05
7.308000000000e+05
7.344000000000e+05
7.380000000000e+05
7.416000000000e+05
7.452000000000e+05
7.488000000000e+05
7.524000000000e+05
7.560000000000e+05
7.596000000000e+05
7.632000000000e+05
7.668000000000e+05
7.704000000000e+05
7.740000000000e+05
7.776000000000e+05
7.812000000000e+05
7.848000000000e+05
7.884000000000e+05
7.920000000000e+05
7.956000000000e+05
7.992000000000e+05
8.028000000000e+05
8.064000000000e+05
8.100000000000e+05
8.136000000000e+05
8.172000000000e+05
8.208000000000e+05
8.244000000000e+05
8.280000000000e+05
8.316000000000e+05
8.352000000000e+05
8.388000000000e+05
8.424000000000e+05
8.460000000000e+05
8.496000000000e+05
8.532000000000e+05
8.568000000000e+05
8.604000000000e+05
8.640000000000e+05
8.676000000000e+05
8.712000000000e+05
8.748000000000e+05
8.784000000000e+05
8.820000000000e+05
8.856000000000e+05
8.892000000000e+05
8.928000000000e+05
8.964000000000e+05
9.000000000000e+05
9.036000000000e+05
9.072000000000e+05
9.108000000000e+05
9.144000000000e+05
9.180000000000e+05
9.216000000000e+05
9.252000000000e+05
9.288000000000e+05
9.324000000000e+05
9.360000000000e+05
9.396000000000e+05
9.432000000000e+05
9.468000000000e+05
9.504000000000e+05
9.540000000000e+05
9.576000000000e+05
9.612000000000e+05
9.648000000000e+05
9.684000000000e+05
9.720000000000e+05
9.756000000000e+05
9.792000000000e+05
9.828000000000e+05
9.864000000000e+05
9.900000000000e+05
9.936000000000e+05
9.972000000000e+05
1.000800000000e+06
1.004400000000e+06
1.008000000000e+06
1.011600000000e+06
1.015200000000e+06
1.018800000000e+06
1.022400000000e+06
1.026000000000e+06
1.029600000000e+06
1.033200000000e+06
1.036800000000e+06
1.040400000000e+06
1.044000000000e+06
1.047600000000e+06
1.051200000000e+06
1.054800000000e+06
1.058400000000e+06
1.062000000000e+06
1.065600000000e+06
1.069200000000e+06
1.072800000000e+06
1.076400000000e+06
1.080000000000e+06
1.083600000000e+06
1.087200000000e+06
1.090800000000e+06
1.094400000000e+06
1.098000000000e+06
1.101600000000e+06
1.105200000000e+06
1.108800000000e+06
1.112400000000e+06
1.116000000000e+06
1.119600000000e+06
1.123200000000e+06
1.126800000000e+06
1.130400000000e+06
1.134000000000e+06
1.137600000000e+06
1.141200000000e+06
1.144800000000e+06
1.148400000000e+06
1.152000000000e+06
1.155600000000e+06
1.159200000000e+06
1.162800000000e+06
1.166400000000e+06
1.170000000000e+06
1.173600000000e+06
1.177200000000e+06
1.180800000000e+06
1.184400000000e+06
1.188000000000e+06
1.191600000000e+06
1.195200000000e+06
1.198800000000e+06
1.202400000000e+06
1.206000000000e+06
1.209600000000e+06
1.213200000000e+06
1.216800000000e+06
1.220400000000e+06
1.224000000000e+06
1.227600000000e+06
1.231200000000e+06
1.234800000000e+06
1.238400000000e+06
1.242000000000e+06
1.245600000000e+06
1.249200000000e+06
1.252800000000e+06
1.256400000000e+06
1.260000000000e+06
1.263600000000e+06
1.267200000000e+06
1.270800000000e+06
1.274400000000e+06
1.278000000000e+06
1.281600000000e+06
1.285200000000e+06
1.288800000000e+06
1.292400000000e+06
1.296000000000e+06
1.299600000000e+06
1.303200000000e+06
1.306800000000e+06
1.310400000000e+06
1.314000000000e+06
1.317600000000e+06
1.321200000000e+06
1.324800000000e+06
1.328400000000e+06
1.332000000000e+06
1.335600000000e+06
1.339200000000e+06
1.342800000000e+06
1.346400000000e+06
1.350000000000e+06
1.353600000000e+06
1.357200000000e+06
1.360800000000e+06
1.364400000000e+06
1.368000000000e+06
1.371600000000e+06
1.375200000000e+06
1.378800000000e+06
1.382400000000e+06
1.386000000000e+06
1.389600000000e+06
1.393200000000e+06
1.396800000000e+06
1.400400000000e+06
1.404000000000e+06
1.407600000000e+06
1.411200000000e+06
1.414800000000e+06
1.418400000000e+06
1.422000000000e+06
1.425600000000e+06
1.429200000000e+06
1.432800000000e+06
1.436400000000e+06
1.440000000000e+06
1.443600000000e+06
1.447200000000e+06
1.450800000000e+06
1.454400000000e+06
1.458000000000e+06
1.461600000000e+06
1.465200000000e+06
1.468800000000e+06
1.472400000000e+06
1.476000000000e+06
1.479600000000e+06
1.483200000000e+06
1.486800000000e+06
1.490400000000e+06
1.494000000000e+06
1.497600000000e+06
1.501200000000e+06
1.504800000000e+06
1.508400000000e+06
1.512000000000e+06
1.515600000000e+06
1.519200000000e+06
1.522800000000e+06
1.526400000000e+06
1.530000000000e+06
1.533600000000e+06
1.537200000000e+06
1.540800000000e+06
1.544400000000e+06
1.548000000000e+06
1.551600000000e+06
1.555200000000e+06
1.558800000000e+06
1.562400000000e+06
1.566000000000e+06
1.569600000000e+06
1.573200000000e+06
1.576800000000e+06
1.580400000000e+06
1.584000000000e+06
1.587600000000e+06
1.591200000000e+06
1.594800000000e+06
1.598400000000e+06
1.602000000000e+06
1.605600000000e+06
1.609200000000e+06
1.612800000000e+06
1.616400000000e+06
1.620000000000e+06
1.623600000000e+06
1.627200000000e+06
1.630800000000e+06
1.634400000000e+06
1.638000000000e+06
1.641600000000e+06
1.645200000000e+06
1.648800000000e+06
1.652400000000e+06
1.656000000000e+06
1.659600000000e+06
1.663200000000e+06
1.666800000000e+06
1.670400000000e+06
1.674000000000e+06
1.677600000000e+06
1.681200000000e+06
1.684800000000e+06
1.688400000000e+06
1.692000000000e+06
1.695600000000e+06
1.699200000000e+06
1.702800000000e+06
1.706400000000e+06
1.710000000000e+06
1.713600000000e+06
1.717200000000e+06
1.720800000000e+06
1.724400000000e+06
1.728000000000e+06
1.731600000000e+06
1.735200000000e+06
1.738800000000e+06
1.742400000000e+06
1.746000000000e+06
1.749600000000e+06
1.753200000000e+06
1.756800000000e+06
1.760400000000e+06
1.764000000000e+06
1.767600000000e+06
1.771200000000e+06
1.774800000000e+06
1.778400000000e+06
1.782000000000e+06
1.785600000000e+06
1.789200000000e+06
1.792800000000e+06
1.796400000000e+06
1.800000000000e+06
1.803600000000e+06
1.807200000000e+06
1.810800000000e+06
1.814400000000e+06
1.818000000000e+06
1.821600000000e+06
1.825200000000e+06
1.828800000000e+06
1.832400000000e+06
1.836000000000e+06
1.839600000000e+06
1.843200000000e+06
1.846800000000e+06
1.850400000000e+06
1.854000000000e+06
1.857600000000e+06
1.861200000000e+06
1.864800000000e+06
1.868400000000e+06
1.872000000000e+06
1.875600000000e+06
1.879200000000e+06
1.882800000000e+06
1.886400000000e+06
1.890000000000e+06
1.893600000000e+06
1.897200000000e+06
1.900800000000e+06
1.904400000000e+06
1.908000000000e+06
1.911600000000e+06
1.915200000000e+06
1.918800000000e+06
1.922400000000e+06
1.926000000000e+06
1.929600000000e+06
1.933200000000e+06
1.936800000000e+06
1.940400000000e+06
1.944000000000e+06
1.947600000000e+06
1.951200000000e+06
1.954800000000e+06
1.958400000000e+06
1.962000000000e+06
1.965600000000e+06
1.969200000000e+06
1.972800000000e+06
1.976400000000e+06
1.980000000000e+06
1.983600000000e+06
1.987200000000e+06
1.990800000000e+06
1.994400000000e+06
1.998000000000e+06
2.001600000000e+06
2.005200000000e+06
2.008800000000e+06
2.012400000000e+06
2.016000000000e+06
2.019600000000e+06
2.023200000000e+06
2.026800000000e+06
2.030400000000e+06
2.034000000000e+06
2.037600000000e+06
2.041200000000e+06
2.044800000000e+06
2.048400000000e+06
2.052000000000e+06
2.055600000000e+06
2.059200000000e+06
2.062800000000e+06
2.066400000000e+06
2.070000000000e+06
2.073600000000e+06
2.077200000000e+06
2.080800000000e+06
2.084400000000e+06
2.088000000000e+06
2.091600000000e+06
2.095200000000e+06
2.098800000000e+06
2.102400000000e+06
2.106000000000e+06
2.109600000000e+06
2.113200000000e+06
2.116800000000e+06
2.120400000000e+06
2.124000000000e+06
2.127600000000e+06
2.131200000000e+06
2.134800000000e+06
2.138400000000e+06
2.142000000000e+06
2.145600000000e+06
2.149200000000e+06
2.152800000000e+06
2.156400000000e+06
2.160000000000e+06
2.163600000000e+06
2.167200000000e+06
2.170800000000e+06
2.174400000000e+06
2.178000000000e+06
2.181600000000e+06
2.185200000000e+06
2.188800000000e+06
2.192400000000e+06
2.196000000000e+06
2.199600000000e+06
2.203200000000e+06
2.206800000000e+06
2.210400000000e+06
2.214000000000e+06
2.217600000000e+06
2.221200000000e+06
2.224800000000e+06
2.228400000000e+06
2.232000000000e+06
2.235600000000e+06
2.239200000000e+06
2.242800000000e+06
2.246400000000e+06
2.250000000000e+06
2.253600000000e+06
2.257200000000e+06
2.260800000000e+06
2.264400000000e+06
2.268000000000e+06
2.271600000000e+06
2.275200000000e+06
2.278800000000e+06
2.282400000000e+06
2.286000000000e+06
2.289600000000e+06
2.293200000000e+06
2.296800000000e+06
2.300400000000e+06
2.304000000000e+06
2.307600000000e+06
2.311200000000e+06
2.314800000000e+06
2.318400000000e+06
2.322000000000e+06
2.325600000000e+06
2.329200000000e+06
2.332800000000e+06
2.336400000000e+06
2.340000000000e+06
2.343600000000e+06
2.347200000000e+06
2.350800000000e+06
2.354400000000e+06
2.358000000000e+06
2.361600000000e+06
2.365200000000e+06
2.368800000000e+06
2.372400000000e+06
2.376000000000e+06
2.379600000000e+06
2.383200000000e+06
2.386800000000e+06
2.390400000000e+06
2.394000000000e+06
2.397600000000e+06
2.401200000000e+06
2.404800000000e+06
2.408400000000e+06
2.412000000000e+06
2.415600000000e+06
2.419200000000e+06
2.422800000000e+06
2.426400000000e+06
2.430000000000e+06
2.433600000000e+06
2.437200000000e+06
2.440800000000e+06
2.444400000000e+06
2.448000000000e+06
2.451600000000e+06
2.455200000000e+06
2.458800000000e+06
2.462400000000e+06
2.466000000000e+06
2.469600000000e+06
2.473200000000e+06
2.476800000000e+06
2.480400000000e+06
2.484000000000e+06
2.487600000000e+06
2.491200000000e+06
2.494800000000e+06
2.498400000000e+06
2.502000000000e+06
2.505600000000e+06
2.509200000000e+06
2.512800000000e+06
2.516400000000e+06
2.520000000000e+06
2.523600000000e+06
2.527200000000e+06
2.530800000000e+06
2.534400000000e+06
2.538000000000e+06
2.541600000000e+06
2.545200000000e+06
2.548800000000e+06
2.552400000000e+06
2.556000000000e+06
2.559600000000e+06
2.563200000000e+06
2.566800000000e+06
2.570400000000e+06
2.574000000000e+06
2.577600000000e+06
2.581200000000e+06
2.584800000000e+06
2.588400000000e+06
2.592000000000e+06
2.595600000000e+06
2.599200000000e+06
2.602800000000e+06
2.606400000000e+06
2.610000000000e+06
2.613600000000e+06
2.617200000000e+06
2.620800000000e+06
2.624400000000e+06
2.628000000000e+06
2.631600000000e+06
2.635200000000e+06
2.638800000000e+06
2.642400000000e+06
2.646000000000e+06
2.649600000000e+06
2.653200000000e+06
2.656800000000e+06
2.660400000000e+06
2.664000000000e+06
2.667600000000e+06
2.671200000000e+06
2.674800000000e+06
2.678400000000e+06
2.682000000000e+06
2.685600000000e+06
2.689200000000e+06
2.692800000000e+06
2.696400000000e+06
2.700000000000e+06
2.703600000000e+06
2.707200000000e+06
2.710800000000e+06
2.714400000000e+06
2.718000000000e+06
2.721600000000e+06
2.725200000000e+06
2.728800000000e+06
2.732400000000e+06
2.736000000000e+06
2.739600000000e+06
2.743200000000e+06
2.746800000000e+06
2.750400000000e+06
2.754000000000e+06
2.757600000000e+06
2.761200000000e+06
2.764800000000e+06
2.768400000000e+06
2.772000000000e+06
2.775600000000e+06
2.779200000000e+06
2.782800000000e+06
2.786400000000e+06
2.790000000000e+06
2.793600000000e+06
2.797200000000e+06
2.800800000000e+06
2.804400000000e+06
2.808000000000e+06
2.811600000000e+06
2.815200000000e+06
2.818800000000e+06
2.822400000000e+06
2.826000000000e+06
2.829600000000e+06
2.833200000000e+06
2.836800000000e+06
2.840400000000e+06
2.844000000000e+06
2.847600000000e+06
2.851200000000e+06
2.854800000000e+06
2.858400000000e+06
2.862000000000e+06
2.865600000000e+06
2.869200000000e+06
2.872800000000e+06
2.876400000000e+06
2.880000000000e+06
2.883600000000e+06
2.887200000000e+06
2.890800000000e+06
2.894400000000e+06
2.898000000000e+06
2.901600000000e+06
2.905200000000e+06
2.908800000000e+06
2.912400000000e+06
2.916000000000e+06
2.919600000000e+06
2.923200000000e+06
2.926800000000e+06
2.930400000000e+06
2.934000000000e+06
2.937600000000e+06
2.941200000000e+06
2.944800000000e+06
2.948400000000e+06
2.952000000000e+06
2.955600000000e+06
2.959200000000e+06
2.962800000000e+06
2.966400000000e+06
2.970000000000e+06
2.973600000000e+06
2.977200000000e+06
2.980800000000e+06
2.984400000000e+06
2.988000000000e+06
2.991600000000e+06
2.995200000000e+06
2.998800000000e+06
3.002400000000e+06
3.006000000000e+06
3.009600000000e+06
3.013200000000e+06
3.016800000000e+06
3.020400000000e+06
3.024000000000e+06
3.027600000000e+06
3.031200000000e+06
3.034800000000e+06
3.038400000000e+06
3.042000000000e+06
3.045600000000e+06
3.049200000000e+06
3.052800000000e+06
3.056400000000e+06
3.060000000000e+06
3.063600000000e+06
3.067200000000e+06
3.070800000000e+06
3.074400000000e+06
3.078000000000e+06
3.081600000000e+06
3.085200000000e+06
3.088800000000e+06
3.092400000000e+06
3.096000000000e+06
3.099600000000e+06
3.103200000000e+06
3.106800000000e+06
3.110400000000e+06
3.114000000000e+06
3.117600000000e+06
3.121200000000e+06
3.124800000000e+06
3.128400000000e+06
3.132000000000e+06
3.135600000000e+06
3.139200000000e+06
3.142800000000e+06
3.146400000000e+06
3.150000000000e+06
3.153600000000e+06
3.157200000000e+06
3.160800000000e+06
3.164400000000e+06
3.168000000000e+06
3.171600000000e+06
3.175200000000e+06
3.178800000000e+06
3.182400000000e+06
3.186000000000e+06
3.189600000000e+06
3.193200000000e+06
3.196800000000e+06
3.200400000000e+06
3.204000000000e+06
3.207600000000e+06
3.211200000000e+06
3.214800000000e+06
3.218400000000e+06
3.222000000000e+06
3.225600000000e+06
3.229200000000e+06
3.232800000000e+06
3.236400000000e+06
3.240000000000e+06
3.243600000000e+06
3.247200000000e+06
3.250800000000e+06
3.254400000000e+06
3.258000000000e+06
3.261600000000e+06
3.265200000000e+06
3.268800000000e+06
3.272400000000e+06
3.276000000000e+06
3.279600000000e+06
3.283200000000e+06
3.286800000000e+06
3.290400000000e+06
3.294000000000e+06
3.297600000000e+06
3.301200000000e+06
3.304800000000e+06
3.308400000000e+06
3.312000000000e+06
3.315600000000e+06
3.319200000000e+06
3.322800000000e+06
3.326400000000e+06
3.330000000000e+06
3.333600000000e+06
3.337200000000e+06
3.340800000000e+06
3.344400000000e+06
3.348000000000e+06
3.351600000000e+06
3.355200000000e+06
3.358800000000e+06
3.362400000000e+06
3.366000000000e+06
3.369600000000e+06
3.373200000000e+06
3.376800000000e+06
3.380400000000e+06
3.384000000000e+06
3.387600000000e+06
3.391200000000e+06
3.394800000000e+06
3.398400000000e+06
3.402000000000e+06
3.405600000000e+06
3.409200000000e+06
3.412800000000e+06
3.416400000000e+06
3.420000000000e+06
3.423600000000e+06
3.427200000000e+06
3.430800000000e+06
3.434400000000e+06
3.438000000000e+06
3.441600000000e+06
3.445200000000e+06
3.448800000000e+06
3.452400000000e+06
3.456000000000e+06
3.459600000000e+06
3.463200000000e+06
3.466800000000e+06
3.470400000000e+06
3.474000000000e+06
3.477600000000e+06
3.481200000000e+06
3.484800000000e+06
3.488400000000e+06
3.492000000000e+06
3.495600000000e+06
3.499200000000e+06
3.502800000000e+06
3.506400000000e+06
3.510000000000e+06
3.513600000000e+06
3.517200000000e+06
3.520800000000e+06
3.524400000000e+06
3.528000000000e+06
3.531600000000e+06
3.535200000000e+06
3.538800000000e+06
3.542400000000e+06
3.546000000000e+06
3.549600000000e+06
3.553200000000e+06
3.556800000000e+06
3.560400000000e+06
3.564000000000e+06
3.567600000000e+06
3.571200000000e+06
3.574800000000e+06
3.578400000000e+06
3.582000000000e+06
3.585600000000e+06
3.589200000000e+06
3.592800000000e+06
3.596400000000e+06
3.600000000000e+06
3.603600000000e+06
3.607200000000e+06
3.610800000000e+06
3.614400000000e+06
3.618000000000e+06
3.621600000000e+06
3.625200000000e+06
3.628800000000e+06
3.632400000000e+06
3.636000000000e+06
3.639600000000e+06
3.643200000000e+06
3.646800000000e+06
3.650400000000e+06
3.654000000000e+06
3.657600000000e+06
3.661200000000e+06
3.664800000000e+06
3.668400000000e+06
3.672000000000e+06
3.675600000000e+06
3.679200000000e+06
3.682800000000e+06
3.686400000000e+06
3.690000000000e+06
3.693600000000e+06
3.697200000000e+06
3.700800000000e+06
3.704400000000e+06
3.708000000000e+06
3.711600000000e+06
3.715200000000e+06
3.718800000000e+06
3.722400000000e+06
3.726000000000e+06
3.729600000000e+06
3.733200000000e+06
3.736800000000e+06
3.740400000000e+06
3.744000000000e+06
3.747600000000e+06
3.751200000000e+06
3.754800000000e+06
3.758400000000e+06
3.762000000000e+06
3.765600000000e+06
3.769200000000e+06
3.772800000000e+06
3.776400000000e+06
3.780000000000e+06
3.783600000000e+06
3.787200000000e+06
3.790800000000e+06
3.794400000000e+06
3.798000000000e+06
3.801600000000e+06
3.805200000000e+06
3.808800000000e+06
3.812400000000e+06
3.816000000000e+06
3.819600000000e+06
3.823200000000e+06
3.826800000000e+06
3.830400000000e+06
3.834000000000e+06
3.837600000000e+06
3.841200000000e+06
3.844800000000e+06
3.848400000000e+06
3.852000000000e+06
3.855600000000e+06
3.859200000000e+06
3.862800000000e+06
3.866400000000e+06
3.870000000000e+06
3.873600000000e+06
3.877200000000e+06
3.880800000000e+06
3.884400000000e+06
3.888000000000e+06
3.891600000000e+06
3.895200000000e+06
3.898800000000e+06
3.902400000000e+06
3.906000000000e+06
3.909600000000e+06
3.913200000000e+06
3.916800000000e+06
3.920400000000e+06
3.924000000000e+06
3.927600000000e+06
3.931200000000e+06
3.934800000000e+06
3.938400000000e+06
3.942000000000e+06
3.945600000000e+06
3.949200000000e+06
3.952800000000e+06
3.956400000000e+06
3.960000000000e+06
3.963600000000e+06
3.967200000000e+06
3.970800000000e+06
3.974400000000e+06
3.978000000000e+06
3.981600000000e+06
3.985200000000e+06
3.988800000000e+06
3.992400000000e+06
3.996000000000e+06
3.999600000000e+06
4.003200000000e+06
4.006800000000e+06
4.010400000000e+06
4.014000000000e+06
4.017600000000e+06
4.021200000000e+06
4.024800000000e+06
4.028400000000e+06
4.032000000000e+06
4.035600000000e+06
4.039200000000e+06
4.042800000000e+06
4.046400000000e+06
4.050000000000e+06
4.053600000000e+06
4.057200000000e+06
4.060800000000e+06
4.064400000000e+06
4.068000000000e+06
4.071600000000e+06
4.075200000000e+06
4.078800000000e+06
4.082400000000e+06
4.086000000000e+06
4.089600000000e+06
4.093200000000e+06
4.096800000000e+06
4.100400000000e+06
4.104000000000e+06
4.107600000000e+06
4.111200000000e+06
4.114800000000e+06
4.118400000000e+06
4.122000000000e+06
4.125600000000e+06
4.129200000000e+06
4.132800000000e+06
4.136400000000e+06
4.140000000000e+06
4.143600000000e+06
4.147200000000e+06
4.150800000000e+06
4.154400000000e+06
4.158000000000e+06
4.161600000000e+06
4.165200000000e+06
4.168800000000e+06
4.172400000000e+06
4.176000000000e+06
4.179600000000e+06
4.183200000000e+06
4.186800000000e+06
4.190400000000e+06
4.194000000000e+06
4.197600000000e+06
4.201200000000e+06
4.204800000000e+06
4.208400000000e+06
4.212000000000e+06
4.215600000000e+06
4.219200000000e+06
4.222800000000e+06
4.226400000000e+06
4.230000000000e+06
4.233600000000e+06
4.237200000000e+06
4.240800000000e+06
4.244400000000e+06
4.248000000000e+06
4.251600000000e+06
4.255200000000e+06
4.258800000000e+06
4.262400000000e+06
4.266000000000e+06
4.269600000000e+06
4.273200000000e+06
4.276800000000e+06
4.280400000000e+06
4.284000000000e+06
4.287600000000e+06
4.291200000000e+06
4.294800000000e+06
4.298400000000e+06
4.302000000000e+06
4.305600000000e+06
4.309200000000e+06
4.312800000000e+06
4.316400000000e+06
4.320000000000e+06
4.323600000000e+06
4.327200000000e+06
4.330800000000e+06
4.334400000000e+06
4.338000000000e+06
4.341600000000e+06
4.345200000000e+06
4.348800000000e+06
4.352400000000e+06
4.356000000000e+06
4.359600000000e+06
4.363200000000e+06
4.366800000000e+06
4.370400000000e+06
4.374000000000e+06
4.377600000000e+06
4.381200000000e+06
4.384800000000e+06
4.388400000000e+06
4.392000000000e+06
4.395600000000e+06
4.399200000000e+06
4.402800000000e+06
4.406400000000e+06
4.410000000000e+06
4.413600000000e+06
4.417200000000e+06
4.420800000000e+06
4.424400000000e+06
4.428000000000e+06
4.431600000000e+06
4.435200000000e+06
4.438800000000e+06
4.442400000000e+06
4.446000000000e+06
4.449600000000e+06
4.453200000000e+06
4.456800000000e+06
4.460400000000e+06
4.464000000000e+06
4.467600000000e+06
4.471200000000e+06
4.474800000000e+06
4.478400000000e+06
4.482000000000e+06
4.485600000000e+06
4.489200000000e+06
4.492800000000e+06
4.496400000000e+06
4.500000000000e+06
4.503600000000e+06
4.507200000000e+06
4.510800000000e+06
4.514400000000e+06
4.518000000000e+06
4.521600000000e+06
4.525200000000e+06
4.528800000000e+06
4.532400000000e+06
4.536000000000e+06
4.539600000000e+06
4.543200000000e+06
4.546800000000e+06
4.550400000000e+06
4.554000000000e+06
4.557600000000e+06
4.561200000000e+06
4.564800000000e+06
4.568400000000e+06
4.572000000000e+06
4.575600000000e+06
4.579200000000e+06
4.582800000000e+06
4.586400000000e+06
4.590000000000e+06
4.593600000000e+06
4.597200000000e+06
4.600800000000e+06
4.604400000000e+06
4.608000000000e+06
4.611600000000e+06
4.615200000000e+06
4.618800000000e+06
4.622400000000e+06
4.626000000000e+06
4.629600000000e+06
4.633200000000e+06
4.636800000000e+06
4.640400000000e+06
4.644000000000e+06
4.647600000000e+06
4.651200000000e+06
4.654800000000e+06
4.658400000000e+06
4.662000000000e+06
4.665600000000e+06
4.669200000000e+06
4.672800000000e+06
4.676400000000e+06
4.680000000000e+06
4.683600000000e+06
4.687200000000e+06
4.690800000000e+06
4.694400000000e+06
4.698000000000e+06
4.701600000000e+06
4.705200000000e+06
4.708800000000e+06
4.712400000000e+06
4.716000000000e+06
4.719600000000e+06
4.723200000000e+06
4.726800000000e+06
4.730400000000e+06
4.734000000000e+06
4.737600000000e+06
4.741200000000e+06
4.744800000000e+06
4.748400000000e+06
4.752000000000e+06
4.755600000000e+06
4.759200000000e+06
4.762800000000e+06
4.766400000000e+06
4.770000000000e+06
4.773600000000e+06
4.777200000000e+06
4.780800000000e+06
4.784400000000e+06
4.788000000000e+06
4.791600000000e+06
4.795200000000e+06
4.798800000000e+06
4.802400000000e+06
4.806000000000e+06
4.809600000000e+06
4.813200000000e+06
4.816800000000e+06
4.820400000000e+06
4.824000000000e+06
4.827600000000e+06
4.831200000000e+06
4.834800000000e+06
4.838400000000e+06
4.842000000000e+06
4.845600000000e+06
4.849200000000e+06
4.852800000000e+06
4.856400000000e+06
4.860000000000e+06
4.863600000000e+06
4.867200000000e+06
4.870800000000e+06
4.874400000000e+06
4.878000000000e+06
4.881600000000e+06
4.885200000000e+06
4.888800000000e+06
4.892400000000e+06
4.896000000000e+06
4.899600000000e+06
4.903200000000e+06
4.906800000000e+06
4.910400000000e+06
4.914000000000e+06
4.917600000000e+06
4.921200000000e+06
4.924800000000e+06
4.928400000000e+06
4.932000000000e+06
4.935600000000e+06
4.939200000000e+06
4.942800000000e+06
4.946400000000e+06
4.950000000000e+06
4.953600000000e+06
4.957200000000e+06
4.960800000000e+06
4.964400000000e+06
4.968000000000e+06
4.971600000000e+06
4.975200000000e+06
4.978800000000e+06
4.982400000000e+06
4.986000000000e+06
4.989600000000e+06
4.993200000000e+06
4.996800000000e+06
5.000400000000e+06
5.004000000000e+06
5.007600000000e+06
5.011200000000e+06
5.014800000000e+06
5.018400000000e+06
5.022000000000e+06
5.025600000000e+06
5.029200000000e+06
5.032800000000e+06
5.036400000000e+06
5.040000000000e+06
5.043600000000e+06
5.047200000000e+06
5.050800000000e+06
5.054400000000e+06
5.058000000000e+06
5.061600000000e+06
5.065200000000e+06
5.068800000000e+06
5.072400000000e+06
5.076000000000e+06
5.079600000000e+06
5.083200000000e+06
5.086800000000e+06
5.090400000000e+06
5.094000000000e+06
5.097600000000e+06
5.101200000000e+06
5.104800000000e+06
5.108400000000e+06
5.112000000000e+06
5.115600000000e+06
5.119200000000e+06
5.122800000000e+06
5.126400000000e+06
5.130000000000e+06
5.133600000000e+06
5.137200000000e+06
5.140800000000e+06
5.144400000000e+06
5.148000000000e+06
5.151600000000e+06
5.155200000000e+06
5.158800000000e+06
5.162400000000e+06
5.166000000000e+06
5.169600000000e+06
5.173200000000e+06
5.176800000000e+06
5.180400000000e+06
5.184000000000e+06
5.187600000000e+06
5.191200000000e+06
5.194800000000e+06
5.198400000000e+06
5.202000000000e+06
5.205600000000e+06
5.209200000000e+06
5.212800000000e+06
5.216400000000e+06
5.220000000000e+06
5.223600000000e+06
5.227200000000e+06
5.230800000000e+06
5.234400000000e+06
5.238000000000e+06
5.241600000000e+06
5.245200000000e+06
5.248800000000e+06
5.252400000000e+06
5.256000000000e+06
5.259600000000e+06
5.263200000000e+06
5.266800000000e+06
