5.000000000000e-01
1.500000000000e+00
2.500000000000e+00
3.500000000000e+00
4.500000000000e+00
5.500000000000e+00
6.500000000000e+00
7.500000000000e+00
8.500000000000e+00
9.500000000000e+00
1.050000000000e+01
1.150000000000e+01
1.250000000000e+01
1.350000000000e+01
1.450000000000e+01
1.550000000000e+01
1.650000000000e+01
1.750000000000e+01
1.850000000000e+01
1.950000000000e+01
2.050000000000e+01
2.150000000000e+01
2.250000000000e+01
2.350000000000e+01
2.450000000000e+01
2.550000000000e+01
2.650000000000e+01
2.750000000000e+01
2.850000000000e+01
2.950000000000e+01
3.050000000000e+01
3.150000000000e+01
3.250000000000e+01
3.350000000000e+01
3.450000000000e+01
3.550000000000e+01
3.650000000000e+01
3.750000000000e+01
3.850000000000e+01
3.950000000000e+01
4.050000000000e+01
4.150000000000e+01
4.250000000000e+01
4.350000000000e+01
4.450000000000e+01
4.550000000000e+01
4.650000000000e+01
4.750000000000e+01
4.850000000000e+01
4.950000000000e+01
5.050000000000e+01
5.150000000000e+01
5.250000000000e+01
5.350000000000e+01
5.450000000000e+01
5.550000000000e+01
5.650000000000e+01
5.750000000000e+01
5.850000000000e+01
5.950000000000e+01
6.050000000000e+01
6.150000000000e+01
6.250000000000e+01
6.350000000000e+01
6.450000000000e+01
6.550000000000e+01
6.650000000000e+01
6.750000000000e+01
6.850000000000e+01
6.950000000000e+01
7.050000000000e+01
7.150000000000e+01
7.250000000000e+01
7.350000000000e+01
7.450000000000e+01
7.550000000000e+01
7.650000000000e+01
7.750000000000e+01
7.850000000000e+01
7.950000000000e+01
8.050000000000e+01
8.150000000000e+01
8.250000000000e+01
8.350000000000e+01
8.450000000000e+01
8.550000000000e+01
8.650000000000e+01
8.750000000000e+01
8.850000000000e+01
8.950000000000e+01
9.050000000000e+01
9.150000000000e+01
9.250000000000e+01
9.350000000000e+01
9.450000000000e+01
9.550000000000e+01
9.650000000000e+01
9.750000000000e+01
9.850000000000e+01
9.950000000000e+01
